0.022743
0.023682
0.028237
0.030219
0.043356
0.036001
0.037712
0.028912
0.0062019
0.0047544
0.006743
0.0064468
0.01201
0.0097605
0.0098631
0.0086727
0.0065459
0.0055741
0.0089475
0.0078562
0.0081369
0.006606
0.01393
0.008373
0.0057456
0.0094707
0.0095322
0.0088315
0.010151
0.0085387
0.0076999
0.0071609
0.0042495
0.0038826
0.0030148
0.0070841
0.013058
0.011096
0.0062192
0.0047053
0.00044037
0.00059611
0.0012639
0.00065038
0.0041225
0.0020378
0.0016974
0.00057997
0.00096325
0.00043276
0.0011311
0.0018495
0.003948
0.0017838
0.0010493
0.0016657
0.0010079
0.00055709
0.0011649
0.0017016
0.0034652
0.0029338
0.0014764
0.0003818
0.0012855
0.0011601
0.0027188
0.0023016
0.0023608
0.00089064
0.0023416
0.0017263
0.0014591
0.0010072
0.002673
0.0033441
0.0018814
0.0021465
0.0043347
0.0036063
0.0032333
0.002612
0.0011442
0.00051721
0.0016333
0.0036302
0.0025923
0.0026146
0.0025061
0.0031102
0.0024773
0.0021632
0.0011499
0.0013088
0.0048519
0.0032695
0.0018522
0.00085306
0.0029115
0.0015098
0.0015044
0.0013785
0.0050747
0.002991
0.0025658
0.0027023
0.00025297
7.0001e-05
0.0032649
0.0048396
0.00050261
0.0007572
0.00065857
0.0039304
0.0052032
0.0022337
0.0032987
0.0024198
0.003462
0.0013295
0.0014573
0.00077538
0.00099174
0.0041846
0.0054715
0.0040934
0.003096
0.0018445
0.001764
0.00046795
0.00088027
0.0010884
0.0058086
0.0037961
0.00096688
0.00034862
0.00058051
0.002137
0.0024388
0.001683
0.0013652
0.0011447
0.0011679
0.0010274
0.0016097
0.00070108
0.0017457
0.0043966
0.0022061
0.00023747
0.0025674
0.0039158
0.0009761
0.0015849
0.0012115
0.0021869
0.0010183
0.0012412
0.0018211
0.0026432
0.0003831
0.0010543
0
7.2463e-05
0.00085762
0.0021188
0.00059343
0
0
0
0
0.00011009
3.5888e-05
0
0
0
0
0
0
0
0.00036331
0.00063839
0.00065852
8.5624e-05
0
0
0
0
0
0
0
0
0
0
0
0
0
0.00049806
0.00076304
7.869e-05
0.00058041
0.00033651
6.3266e-05
0
0.00044068
0.0009414
0.00053009
0.00050878
0.00020748
0.00018215
0.00050319
0.00096188
0.0009175
0.00064796
0.00023655
0
0.00040848
0.0001206
0.00022603
0.00055926
0.00063739
0.00012921
0.00098541
0.00045279
0.00015606
0.00038631
0.00026678
0.00072817
0.0016159
0.00034669
0.0002806
0.00030652
0
0.00016847
0.00034314
4.9768e-05
4.2812e-05
0
0
0
0.00044037
0.00042764
0.00092073
0.00014555
0.0034837
0.0013994
0.00091299
0.0002708
0.00068482
5.5687e-05
0.00076015
0.0015016
0.0016236
0.00020961
0.00022544
0.0010524
0.00027843
0.00028531
0.00026357
0.00012594
0.0021654
0.00076771
9.7169e-05
0.00034007
0.00018485
0
4.6792e-05
0.00037559
0.0014792
0.00063488
0.00048746
0
0
3.8421e-05
0
0.00027286
0.00069847
0.00059548
0.00012163
6.7582e-05
0
0.00042934
0.0021876
0.00068431
0
0
0.00033907
0.0001176
0.00038203
0
0.00026024
8.2381e-05
0
0.00031885
0.00072055
0.00052786
0
0
0
0.0006692
0.0014713
0
0
0
0.00012567
0.00093731
0.0021887
0.0018771
0.00010706
0.00057716
0.0021838
0.0019419
0.00077496
0.00045102
0.00059851
0.00023997
0.00071703
0.0029522
0.00066809
0.00038808
0.00072341
0.0008531
0.00026139
0.00013282
0.0003307
0.00067452
0.0001466
0.00034963
0.00032331
0.0016046
0.001098
8.5624e-05
0.00034005
0.00088883
0.0019359
0.00097984
9.42e-05
0
0
0
0
0
0
2.2033e-05
0.00033557
0.00061584
0.0019324
0.00036088
0.00021116
0.00024524
0.00011675
0.00018393
0
7.7931e-05
0.00075726
0.00073644
0.00056287
0.00073195
0.0010285
0.00010076
0.001019
0
0
0
0
0
0.00010702
0.0010965
0.00031443
0
0.00041474
0.00093931
0.00030299
0.0011033
0.0018623
0.00058156
0.00079133
0.00092411
0.00036683
0.00049631
0.00077448
0.00022823
0.00022827
0.00063216
0.00070253
0.00039776
9.4439e-05
0
0
0.0002753
0.0015493
0.0011061
0.00034614
0.00034965
0.001033
0.0020776
0.00071647
0.0002399
0.0021578
0.0017103
0.0013254
4.7214e-05
0
0
0.00010711
0.00020329
0.00053477
0.00084622
0.0021297
0.0010951
0.00059631
0.00011544
0
0.00024277
0.001416
0.0023127
0
5.7782e-05
0.0002124
0.00010134
0.00038689
0.0002025
0.0022413
0.00023521
0
0
0
0
0.00080837
0.00034573
0
0
0.00020029
0.00019146
8.9146e-05
7.0001e-05
0.00023946
0.0019221
0.00052752
0.00047673
8.0248e-05
0.00019976
0.0010708
0.00021181
0.00037114
0.00018259
0
0.00033791
0
0
7.869e-05
0.00020064
0.0017143
0.0014853
0.00022541
0
0.00093684
0.00098668
0.00018429
0.0012404
0.0015236
0.0015785
0.00019828
0.0013254
0
0
0.00017806
0.0014761
0.0015615
0.00031587
0.00076144
0.00017502
0.00013666
0.00020698
0.0014812
0.0023604
0.003738
0.00073986
0.00031422
0.00023178
0
0
0
0
0.00043178
0.0027655
0.00077064
0
0
0
0
0
0.00035212
0.00044665
0
0
0.0010336
0.0019141
7.8777e-05
0
0.0013698
0.0018297
0.00015672
0
0.00023911
0.00097094
0.0007079
0.00062195
0.00069918
0.00061528
0.0019379
0.00054903
8.643e-05
0.00034212
0.0008058
0.00097579
0.00056663
0.00013666
0.000247
0.00015148
0
0.0013537
0.0023794
0.00035538
0.0024376
0.0020023
0.0012385
0
0.00046729
8.7874e-05
2.8503e-05
7.8753e-05
0.00019756
0.00028755
0.00045627
0.00021814
0.0016181
0.00032412
0
0
0.0013171
0
0
0.00024275
0
0
0
2.8328e-05
6.9319e-05
0.00029078
0
0
0.00028047
0.00099321
0.0011375
0
0
0
0
0
0.0013725
0.0017404
0.0013014
0.001683
0.00133
0.0017145
0.0011679
0.00086753
0.0014901
0.0014036
0.0008574
0.00083345
0.0018353
0.00012292
0.0013823
0.0015979
0.00012452
0.00011798
0.00074103
0.00033572
6.3656e-05
5.2763e-05
0.0019764
0.0019295
0.0002634
0
0.00043671
0.00032256
0.00019343
0.00042323
0.0016192
0.00034216
0.00024367
0.00020112
0.0001259
0.00010097
6.4022e-05
0.0002091
0.00011015
0.00047641
0.00083633
0.0016792
0
7.2463e-05
0.00060362
0.0011258
0.00074464
0
0
0
0
0
0.00025234
0.00027574
0.00010229
0
0
0
0
0
0
0
0
0
0.00011752
0
0
0
0
0
0
0.00015986
0.00026161
0
0
0.0010253
0.00021428
6.1794e-05
0
0.00013849
0
0
0.00030278
0.0017967
0.00040462
0
0.00026043
0.00045696
0.00023621
0.00014927
0.00026518
0.0017716
0.00021224
0.00025794
0.00011012
0.0017562
5.046e-05
0.00042868
0.00019215
0.00031927
0.00054864
0.00035097
0.00061249
0.00043293
0
0.00032475
0.00028176
0.00013152
0.000254
0.00046834
0
0
0
0
0
0
0
0.00024889
0.00014094
0
