0.02409
0.038074
0.048326
0.025805
0.025661
0.029214
0.033137
0.028485
0.0054245
0.011819
0.015505
0.0062942
0.0074519
0.0081895
0.0091363
0.0077783
0.0052018
0.0075313
0.0081415
0.0088872
0.0060823
0.0048046
0.0084086
0.0071323
0.0073088
0.01292
0.017684
0.004582
0.0044592
0.0092595
0.010423
0.007081
0.0061553
0.0058043
0.0069958
0.0060413
0.0076678
0.0069605
0.005169
0.0064939
0.00073898
0.0037104
0.0060737
0.0010369
0.0017605
0.0012335
0.0010029
0.0015279
0.0018378
0.00062364
0.0004479
0.0017733
0.0019484
0.0017809
0.00091239
0.0019268
0.001439
0.00090155
0.0016498
0.0026037
0.0015505
0.00067945
0.00098668
0.0010686
8.4354e-05
0.0005635
0.0014878
0.00045038
0.00018146
0.00050601
0.0017052
0.00026445
0.00032069
0.0039325
0.0063303
0.0010533
0.00056432
0.0013174
0.0042124
0.00099896
0.0024467
0.0035525
0.0024232
0.0020122
0.0029577
0.0034878
0.0028367
0.0029578
0.001573
0.003415
0.0022102
0.0032214
0.0031737
0.001385
0.0017885
0.002198
0.0021858
0.0026512
0.0026578
0.0028175
0.0012878
0.0019812
0.0038572
0.0039052
0.0022711
0.0048031
0.0053031
0.00018886
2.2512e-05
0.0043876
0.0020006
0.00042386
0.0029632
0.004685
0.0040118
0.0021426
0.001968
0.0031022
0.0033976
0.0029738
0.0023611
0.001658
0.0015088
0.00095016
0.0010926
0.0026327
0.0018777
0.0018807
0.0014315
0.0019113
0.0012616
0.000984
0.0023363
0.0017665
0.00098339
0.00088375
0.0010302
0.002986
0.0067665
0.00041872
0.00037059
0.0013716
0.0026515
0.0017009
0.0010443
0.00044547
0.0013134
0.001843
0.0020096
0.00076782
0.0023329
0.0019824
0.00073028
0.00093926
0.0020544
0.0012365
0.0016898
0.0011969
0.0014408
0.0016449
0.0016325
0.0011787
0.0023251
0.0029967
0.0025224
0.0015293
0.00090149
0.0020151
0
0.00072187
0.0032468
0
0
0
0
0
0
0
0
0.00048511
0.0012288
0
0
0
0
0
9.3865e-05
0.00019411
9.7147e-05
0
0
0
0
0
0
0.00018482
0.00060164
0.00013098
0
0
0
0.00013603
9.1458e-05
0.00076569
0.0012106
0.00031882
0
0
1.9426e-05
0.0001259
0.00037157
0.0011359
0.00030604
0
0
0
0
5.6893e-05
0.00012616
0
8.7019e-05
5.4819e-05
0.00033055
0.00010049
3.0842e-05
9.2442e-05
0.0002294
0.00013802
7.7779e-05
0.00024313
0.00017578
0
4.0772e-05
0.0026092
0.0021978
2.2924e-05
4.9731e-05
0.0010778
0.00077283
8.7413e-06
0.00069821
0.00037939
0.00027387
0.00052888
0.00038483
0.00011096
0.00023006
0.0012393
0.0005516
0
0.00010243
0.00056445
0.00060048
0
0.00053241
0.0015747
0.0012044
0.00051583
0.00024278
0.00082992
0.00051135
0.0014093
0.00037999
0.00037813
0.00094354
0.00017271
7.4194e-05
9.7539e-05
9.0205e-05
0.0003084
0.00033811
0.00061471
0.00055779
0.00042475
0.0005672
0.00055805
1.0298e-05
2.2785e-05
0.00031785
0.00037674
0
0.00015135
0.0011264
0.00031235
1.6661e-05
0.00014832
0.00035925
7.7191e-05
3.0486e-05
0.00028685
0.0003872
0
0
4.9335e-05
0.00034817
8.1529e-05
0
0.0021348
0.0022096
0
0
0.00023225
0.0001978
0.0003501
0.00027872
6.275e-05
0.0009122
0.00074228
0.0002288
0.00037455
0.0012618
0.00059291
0.00033447
0.00025442
0.00039977
0.0003784
0.00087429
0.0017278
0.0004737
0.00079799
0.0010439
0.0020228
0.000683
0.00071218
0.00059422
0.00054007
0.00071962
0.00061332
0.00025904
4.8235e-05
0.00029142
0.0004073
0.00057714
0.00066418
0.0014712
0.00065111
0.00043452
0.0016918
0.00040667
0.0014266
0.00078443
0.00031012
0.00026102
0.00070838
0.00039604
0.00023025
0.00085974
0.002097
0.00042868
5.6416e-05
0.00085425
0.0024073
1.788e-05
9.935e-05
0.00097351
0.0006867
0.0007329
0
4.4321e-05
5.2507e-05
0
0.0013537
0.0027232
0
0
0
0
0
0
0.00034337
0.00037725
0.00026252
0.00033552
0.00075531
0.0022391
6.8773e-05
0.00012631
0.00050789
0.00034786
0.00035256
0.00063971
0.00062104
0.00021648
0.00054511
0.00087582
0.00060168
0.00097677
0.00054346
0.00042841
0.00038199
0.00098865
0.00091056
2.1844e-05
0.00010348
2.7273e-05
0.00033987
0.00059954
0.00048111
0.00033624
6.8615e-05
0.00071211
0.0016646
0.0015005
0.00072212
0.00064505
0.00012291
0.00014753
0.00024705
0.00055718
0.00076799
0.00010763
0.00022136
0.00083175
0.000573
0.00086867
0.00029368
0.0011292
0.00073925
0.00064897
0
0
0.00077606
0.0020355
0.0013007
0
0.0023495
0.001832
0
0
0
0
0
1.5192e-05
0
0
0
0
0.0016996
0.0017647
0.00012795
0.0007593
0.0012714
0.00041643
0.00017437
0.00049254
0.00056738
0.00017668
0.00026324
0.00044214
0.0011807
0.0009715
0.00076336
0.0012839
0.00095139
0.00086144
0.00075609
0.00059561
8.9418e-05
9.0748e-05
0.00025244
0.0002023
0.0012118
0.0007605
0.00053765
0.00025467
0.00061233
0
0
0
0
9.1697e-05
0
0.00070752
0.0016517
0.00018405
0.00037522
0.0011888
0.00035044
0.00013734
0.00044335
2.5006e-05
0
0.00014958
0.00033391
0.00099244
0.001122
0.00015924
0
0
0.0009803
0.0032788
0
0
0
0
0
0.0018062
0.0007906
0
7.3295e-05
0
0.0024231
0.00070807
0.00029591
0.0008967
0.000959
0.00062253
0.00036337
0.00011889
0.00051187
0.00097272
0.0002787
0.00070043
0.0015272
0.0013468
0.00050054
0.00047893
0.0010631
0.0010779
0.0017381
0.00052384
0.00051786
0.00081305
0.00038798
0.00029342
0.0007575
0.00063231
0.00082482
0.00068385
0.00041443
0.00062919
8.1323e-05
0.00033648
0.00034761
8.6904e-05
0.00023869
0.00036977
0.00029758
0.00042525
0.00030821
0.00015505
0.00055359
0.00066144
0.00032584
0.00068658
0.00055315
0.00023419
0.00015616
0
0.0002438
0.00012046
0.00033604
0
0
0.0038925
0
0
0
0
0
0.00059485
0.00098541
0.00072211
0.0002439
0.00018952
0.0012129
0.0017704
0.00062076
0.00031422
0.00034084
0.00022137
9.2981e-05
0.00041385
0.00012531
0.00034592
0.00032721
9.9983e-05
0.00029625
0.0010192
0.00055984
0.0002259
0.0003138
0.0012298
0.0010586
0.00031244
0.00013938
0.00089107
0.00090482
0.00094781
0.00058233
0.00085759
0.00051492
0.0002291
0.00015281
0.00066857
0.00054837
0.00031798
0.00031182
0.00048681
0.00061886
0.00066773
0.00029046
0.00084148
0.0004215
0.00025165
0.00016421
0.00026707
0.00042533
0.00011983
0.00032402
0.00038751
0.00015758
0.00070243
0.00038449
0.00020542
0.00035678
0
0.0022157
0.0017982
0
0
0
0
0
0.00080758
2.7416e-05
0.00014495
0.00016511
0.00020358
0.0003314
0.00085033
0.0010802
0.00050957
0
0.00016839
0.00058307
0.00088012
0.00043264
0.00054171
0.00063592
0.00011465
8.6701e-05
0.00030769
0.00066414
0.00039682
0.00014221
0.00049407
2.2093e-05
1.6282e-05
0.00014234
0.00021554
5.8714e-05
0.00021338
0.00024945
8.8301e-06
5.2685e-05
0.00011808
0.00012841
0.00027165
8.4879e-05
0.00030104
0.00012662
0.00014793
0.00037852
0.00013278
0.00015483
0.00057284
0.0010976
0.00035119
7.3178e-05
0
0.00030857
0.00041333
0.00025703
0.00027477
0.0010388
0.00099356
0.00033155
0.00011155
0.000684
