0.028155
0.030825
0.034285
0.024385
0.030864
0.03408
0.039063
0.030034
0.0049452
0.0057583
0.0077701
0.0061937
0.0091134
0.011512
0.0084874
0.0058386
0.0085086
0.0096282
0.0081615
0.0076926
0.0078024
0.0069854
0.010115
0.0094451
0.0051986
0.007478
0.011607
0.0057625
0.0060875
0.0079828
0.013739
0.0071703
0.0095027
0.0079603
0.006747
0.0047358
0.0078612
0.0075997
0.0067225
0.0075803
0.000376
0.00031897
0.0017225
0.00011983
0.0017081
0.0015385
0.0015117
0.00057106
0.0018337
0.0017972
0.0016234
0.0032239
0.0039811
0.0026761
0.00093298
0.0011528
0.0012954
0.0016905
0.0010378
0.0015005
0.0025143
0.0015717
0.0016788
0.0014831
0.0019043
0.0028028
0.001336
0.0010722
0.001665
0.0018631
0.0017605
0.0013312
0.00040648
0.001162
0.0026842
0.00076442
0.00014173
0.001766
0.0036609
0.0013006
0.0022143
0.0021435
0.0016101
0.0020855
0.0028272
0.0049963
0.0022916
0.0026596
0.0027465
0.0030079
0.0025954
0.0032042
0.0020203
0.0025463
0.0021816
0.0030715
0.002567
0.0023068
0.0029199
0.0019157
0.0019253
0.0010415
0.0040129
0.0037139
0.0014605
0.0026315
0.0027588
6.947e-05
0.002239
0.0039805
0.0024263
0.00067139
0.00166
0.0026644
0.0045212
0.0010917
0.0019597
0.0022378
0.0060516
0.0026281
0.0039739
0.0025881
0.0032233
0.0022498
0.0021433
0.0027266
0.0021648
0.0028176
0.0039449
0.0031289
0.001441
0.00037846
0.0028786
0.0023046
0.0021421
0.0024898
0.00085713
0.0010913
0.0017447
0.0013924
0.0006257
0.001173
0.0022801
0.0014628
0.0010563
0.0011894
0.0026186
0.0027755
0.0012934
0.0010528
0.0030407
0.0022455
0.0013846
0.0010809
0.0016506
0.0020783
0.0010409
0.0011238
0.0022079
0.0012528
0.00041352
0.0011341
0.00072195
0.00046265
0.0017601
0.0014641
0.00053531
0.00082301
0
0
0.00010019
2.4863e-05
0
0
0
0
0
0
0
0
0
0
0.00010434
3.6783e-05
8.0326e-05
0.00025811
0.00024524
0.00012559
0.00016625
0.00038094
0.00022956
0
0.00042422
0
0.00020756
0.00023365
0.0003002
0.00050311
0.00010935
0.00026591
8.3148e-05
0.00022491
0.00054497
0.000366
0.0014962
0.0004788
0.00056916
0.00022202
0.0004385
0.00092102
0.00020399
0.00058012
0.00055126
0.00051657
0.00024627
0.0001394
0.00059962
0.00026614
0.00010823
0
6.8202e-05
0.00024617
0.0006286
0.00081006
0.00037183
0.00066702
0.00031497
0.00019578
0.00028751
0.0004808
0.00032863
0.00034375
6.8305e-06
5.5005e-05
0.0012613
9.497e-05
0
0.00027816
0.00021631
0.00016109
0.00028276
4.0352e-05
7.459e-05
0
0.0014876
0.0012604
0.0010583
0.00019441
0.0004652
0.00032882
0.00059395
0.0017183
0.0020948
5.2019e-05
0.00023024
0.00069177
0.00066176
0.0010173
0.00062111
0.00084552
0.0010276
0.0014263
0.0002158
6.2303e-05
0.00084498
0.00019247
0
0
0.00019398
0.00022745
9.9174e-05
0.00072638
7.0473e-05
0.00032058
0.00025753
0.00027632
0.00017171
0.00019968
0.00059499
0.00010555
0.00077043
0.0019764
0.00058385
0.00054133
0.0012377
0.0010363
0.00057136
0
0.00019436
0.00012178
0.00026061
0.00024297
0.00023817
0.00047368
0.00034879
0.00027978
2.1218e-05
0.00034205
0.00055409
5.6201e-05
0
0.00013139
0.00065176
0.00018549
0.00025382
4.9726e-05
0.0014045
0.00042806
6.4312e-05
0
0.0019034
0.0012939
0.00044821
0.00081745
0.00034701
0.00065919
0.00034502
0.0008631
0.00043974
0.00096177
0.00025862
0.00090814
0.00011604
0.00028666
0.0011643
0.0011624
0.00024059
0.00024878
0.00017537
0.0015945
0.0014103
0.0010078
0.0015114
0.001827
0.0014087
0.00084415
5.6847e-05
0.00010372
0.0001382
0.00088934
0.00032027
0.00024388
0.00019452
0.00070072
0.00013317
0
0.00040384
0.00058735
0.00068522
0.0001854
0.0001113
6.6942e-05
0.00023487
0.00046957
0.00056993
0.00029166
0.00068121
0.00026521
4.2793e-05
6.1829e-05
0
0.00041466
0.00033533
0
0
0.00020956
0.00030268
0
0.00013144
0.00027702
0.00043671
0.00021686
4.0983e-05
0.0012431
0.00054719
0
0.0008973
0.00016295
0.0010828
0.00065897
0.00034084
0.002161
0.0007192
0.00071552
0.00061017
0.00013621
2.4437e-05
0
0.00018468
0.00029819
0.0007342
0.00068114
0.0011155
0.0010791
0.00051178
0.00093028
0.00033754
0.00093312
0.00059993
0.00093729
0.00078403
0.00015078
0
0
0
0
0.00023182
0.00064809
0.0020492
0.0013104
0.0015416
0.00056822
0.00020469
0.0002681
0.0015521
0.0027808
0.0002935
0.00070685
0.00082735
0.00027974
3.2219e-05
0.00017014
0.0017171
0.0007966
0
0.00018157
0.00060915
0
6.6749e-05
9.2912e-05
0.00026598
0
0.00014122
0.00011865
0.00035762
5.3235e-05
0.00020573
0.0011086
0.00052208
0.00025119
0.00052377
0.00065716
0.0010019
0.00054591
0.0014133
0.00067411
0.0018339
0.0003191
7.8133e-05
0.00020376
0
0.00095894
0.00070443
0.0011066
0.00044174
0.00033216
0.0015861
0.00040449
0.00055939
0.00060276
0.00050977
0.00045652
0.00027833
0.00086943
0.00090736
0.00018561
0.00029259
0.00050473
3.5623e-05
4.3442e-05
0.00043973
0.00023754
0.00031974
0.00088309
0.0013594
0.00054262
0.00095118
0.00059345
0.00040114
0.00025905
0.0014108
0.00096005
3.0547e-05
0.00032318
0.00098497
0.0012936
0.0016442
0.0014594
0
0.00023241
0.0013815
1.6236e-05
0
6.722e-05
0.0012106
0
0.0012798
0.0017937
0.00011617
0
0.0019553
0.0026373
0.00025215
0.0004202
9.819e-05
0.00098458
0.0021595
0
0.00032748
0.00027066
0.001419
0.00046717
0.00048473
0.00059948
0.00099337
0.00010947
0
0.0003905
0.0014289
0.00041665
0.00088987
0.0011902
0.0019508
0.00076094
0.0015912
0.0014319
0.0016284
0.0014255
0.00055491
0.00012349
0.00024057
0.00029654
0.00041265
0.00057593
0.00024074
0.00027565
0.0006543
0.00088716
0.00047501
0.00011902
0.0010127
0.0004341
0.00037904
0.00036262
0.00085423
0.0010731
0
0
8.4681e-05
8.2108e-05
0.00027889
0.00016077
9.9595e-05
0.00027174
0.00084322
0.00023414
2.8979e-05
0.00020599
0.00085069
0.00011379
0.00039415
0.00031287
0.00095161
0.00091015
0.00025601
0.00030031
0.00082725
0.00063065
0.0011843
0.00049958
0.00022699
0.0012645
0.00080976
0.0003514
0.0010729
0.0015264
4.3415e-05
0.00040478
0.0010424
0.00070949
0
0.0004622
0.00054342
0.001202
0
0.00020218
0.00097647
0.00089777
0.0001339
0.00037597
0.00070664
0.00038918
0.00065121
0.00042586
0.00030674
0.00028596
0.00021814
0.00046597
0.00057382
0.00030287
0.00067415
0.00043879
0.00028362
0.00036859
0.00041239
0.0003163
3.8305e-05
0
9.2682e-05
0
0
0.00016227
0.00072703
0.00030755
5.2732e-05
0
0.00028039
0.00031562
7.087e-05
0.00011475
0
0
0.00045649
0.00029485
0.0001224
0.00052678
0.00021173
9.1415e-05
0.00027019
0.00074388
0.00033811
0.00025858
0.00017645
0.00027683
0.00038753
0
0
1.1929e-05
0.00038996
0
0.00010275
0.00016845
0.00073464
0.00089093
0.00051721
0.00028754
0.0015471
0.00065277
0.00043698
0.00027365
0.00040516
0.0012221
0.00024166
0
0.00025207
0.0003381
0.00015102
7.9569e-05
0.00022821
9.5402e-05
0.00018652
0.00029909
0.00054719
0.00030964
0.00022134
0.00026443
0.00040832
0
0.00070073
0.00038095
0.00032121
0.00013516
9.0639e-05
7.2475e-05
3.3809e-05
0
0.00014378
0.00024312
0.00010122
0.00047953
