0.031233
0.041425
0.037504
0.02518
0.042071
0.029583
0.020099
0.026612
0.0036309
0.01242
0.01464
0.0071136
0.010245
0.0063493
0.0042806
0.0064929
0.017673
0.011422
0.0081047
0.012195
0.020023
0.012585
0.0085448
0.011165
0.0040597
0.015148
0.011641
0.003201
0.0044138
0.0078655
0.0041731
0.003565
0.0058694
0.0024348
0.0031184
0.0026702
0.0073899
0.002783
0.0031005
0.0053884
0.00024197
0.0060576
0.0029323
0.00087406
0.0038989
0.0011452
0.00055227
0.00092572
0.00059383
0.00027919
0.00020306
0.0024222
0.0029419
0.0016412
0.0005023
0.0014186
0.0036686
0.0035268
0.0023324
0.0025476
0.0052291
0.0028965
0.00071607
0.00053893
0.003767
0.002671
0.0018254
0.0019003
0.0075241
0.0050936
0.0019548
0.0025515
0.00021201
0.0041224
0.0073216
0.0016321
0.00099654
0.0013204
0.001747
0.0022557
0.0023885
0.0019108
0.0038084
0.0021852
0.0020671
0.0018684
0.001479
0.0016992
0.0032563
0.0011663
0.001294
0.0023479
0.0034408
0.003009
0.00298
0.0041291
0.006713
0.0036944
0.0025512
0.0051464
0.0039542
0.0016462
0.0028049
0.0041204
0.0006623
0.004953
0.0043626
1.456e-05
0.00035605
0.0025457
0.0012542
0.00074738
0.0017219
0.0029434
0.0027525
0.0024914
0.0013431
0.0022118
0.0014325
0.0018054
0.0020457
0.0015773
0.0010479
0.0008234
0.0011648
0.0018887
0.0007982
0.0019758
0.0016051
0.00052651
0.00065476
0.00051827
0.001376
0.00052664
0.0003171
0.00062821
0.00060383
0.0055386
0.0041791
3.5488e-05
0.00078572
0.0023611
0.00099901
0.00053736
0.0010717
0.0012275
0.00069948
0.00052806
0.001929
0.00083642
0.00048735
0.00047484
3.5628e-05
6.9154e-05
6.7e-05
0.00060612
0.0018075
5.5811e-05
0.00013584
0.00021303
0.0015162
0.0005527
0.0014504
0.00085383
0.0028549
0.00031187
0.0019384
0.0020464
3.9099e-05
0.0019382
0.0013268
0
0
0
0
0
0
0
0
0
0
0
0
0
0
0
0
0
0
0
0
0
0
0
0
4.5222e-05
0.00036162
0.00018466
0
0
0.0003516
0
0.00045926
0.00060631
0.0017651
0.00056639
0
0.00012048
0.00055591
0.00022362
0.00033386
0.00036072
0.001459
0.00055973
0
0
0.00058679
0.00091487
0.00030388
0.00012691
0.0020202
0.0015942
0.00049864
0.00016563
0
7.0359e-05
0.00016763
0.00043125
0.0016936
0.00054503
0
1.5792e-06
0
0.0035795
0.0013111
0
0.00036526
0.00034992
0.00026976
0.00010059
0.00020287
0.00024611
0.00016591
0.00060819
0.0032043
0.00058591
0.00019042
0.00068019
0.00024228
0.0001054
3.6629e-05
0.0017038
0.00071678
0.0001006
0.0001218
0.0010306
0.00023008
0.00017379
0.00016643
0.00068819
0.0013899
0.0011791
0.00030846
4.196e-05
0.0010179
0.0013444
0.00043675
0.00036084
0.00090748
0.00072054
0
0.00011267
0.0014279
0.0017567
0.00082941
0.0013332
0.00084588
0.00039156
0.00028006
0.00036939
0.0011824
0.00096779
0.00070166
0.00065731
0.0029923
0.0024369
0.000594
0.0010837
0.0017299
0.00050156
0.00049267
0.00037043
0.0012753
0.0011988
0.0011526
0.0012274
0
0.0022842
0.0028481
0
0
0
0.0001705
0.0003051
0.00021201
0.00031224
0.00024325
0.00053113
0.00067559
0.00092504
0.0010843
0.0014875
0.0011657
8.76e-05
0.0012077
0.00045422
0.00055617
0.00048967
9.1811e-05
0.00086173
0.00047662
0.00023448
8.0679e-05
0.0001894
0.00025726
0.00056927
0.00065078
0.0003015
0.00036568
0.00069749
0.0012709
0.00020859
0.000819
0.0012776
0.0012537
0.0019379
0.0010387
0.00040034
0.00060107
0.00098113
0.0013188
0.00058305
0.00033164
0.00054867
0.0010538
0.0010018
0.00063546
0.0021813
0.0016239
0.00026037
0.00012955
0.00083466
0.0017396
0.00056185
0.00017974
0.00068546
0.0012135
4.5249e-05
0.00035991
0.00069165
0
0.0018197
0.0035968
0.00039269
6.6402e-05
0
0
0
0
0
0.00013417
0.00038543
7.0783e-05
0.00051193
0.00058426
0.00033831
0.00047552
0.00027351
0.0013354
0.00080188
0.0010968
0.00025263
0.00031249
0.00042537
0.0003921
0.00017726
0.00040429
0.00061623
0.00035786
0.00055684
0.00034116
0.00049722
0.00061134
0.00061227
0.00028607
0.00083423
0.00071329
0.00040585
0.00090454
0.00079335
0.0010923
0.00027618
0.00010859
9.6383e-05
0.00039613
0.00048995
0.00032032
0.0008275
0.0026778
0.0014409
0.00057002
0.0010449
0.00031062
0.00035679
0.00080588
0.00092646
0.00084458
0.00059902
0.0010735
0.0013322
0.00067088
0.00090588
0.0012347
0.001592
0.00022471
0.0030006
0.0010832
9.7044e-05
6.1771e-05
0
0
0.00022128
0.00043759
0
1.8006e-05
0.00031529
0.00023411
0.00045679
0.00039759
0.0002224
4.146e-05
0.00081206
0.00071665
0.00059762
9.1975e-05
0.0007973
0.00062172
0.00031516
7.8498e-05
0.00031457
0.00023229
0.00079601
0.00066682
0.00083194
0.00047621
0.00011701
0.00053645
0.00089876
0
0.00018908
0.00023735
0.00014307
0.00033881
0.00041499
0.00029751
0
0
0
0.00016311
7.2592e-05
0
0.00034881
0.00049429
5.5833e-05
0.00038876
0
0
6.001e-05
0.00023565
0.00031263
0.00047257
0.00022541
0
0
0
3.0171e-05
0.00028566
0.00020442
0
0.0019524
0.0029663
0
0
0
0
0
0
0
0
0
0.00020404
0.001044
0.00018164
0
0.00066684
0.00097097
0.00096662
0.00034874
0.00032326
0.0013106
0.00041752
0.00085831
0.00081566
0.00054793
0.00073856
0.00061791
0.00011375
0.00011924
0.00045
0.00036451
0.00047696
0.00060494
0.0007916
0.00030106
0.0003898
0.001277
0.00014968
0.00033022
0.00075609
0.00020957
0.00023103
0.0003987
0.00049777
0.00035739
0.00029709
0.00079153
0.00069329
0.00030006
0.0002816
0.00023705
0.00043524
0.00011795
7.0991e-05
8.3982e-05
0
3.0336e-05
0.00016249
0.00028121
0.00077741
0.00014762
0.00012323
0.00013026
0
0.0017584
0.0027138
0
0
0
0
0
0
0.00037202
6.5881e-05
0
0
0.0014895
0.00042445
0.00010004
0.00070943
0.0012822
0.0005469
0.0002137
0.0004148
0.00048195
0.00019541
0.00034635
7.7717e-05
8.3853e-05
0.00017222
0.00013597
0.00023347
9.1129e-05
0.00029194
0.0005826
0
0
0
0
0
0
0
0
3.5628e-05
0
6.7e-05
0.00017035
0
5.5811e-05
0.00013584
0.00017458
0
0.0001714
0.0010091
0.00044584
0.00029051
0.00017645
0.00063157
0.00030437
0.00029238
2.9796e-05
0.00010911
0
0
0.00035026
0.0004379
0.00098957
0
0.0013699
0.0021456
0
0
0
0
0
0.00052365
0.0010585
0
0
0.00063736
0.0010207
0.00064484
0.00043732
0.00030921
0.00024974
5.5664e-05
3.2556e-05
0.0012426
0.0002945
0
0
8.9034e-05
0.00010673
0
0
0
0
0
0
0
0
0
0.00015285
0.00040233
0
0
0
0
0
0
0.00011212
0.0011931
0
0
0
3.8228e-05
0.00021774
0.00037327
0.00025408
0.00080051
0
0.00068343
0.00028669
8.4868e-05
3.3313e-05
5.6851e-05
0.00029154
0.0015018
0
0.00012786
4.6767e-05
