0.027784
0.031624
0.029066
0.032658
0.031437
0.039027
0.036191
0.026635
0.0047727
0.00461
0.0042694
0.0084827
0.0054309
0.0080349
0.007234
0.0055368
0.0065861
0.011971
0.011925
0.0086476
0.0059793
0.010766
0.010522
0.0079498
0.0080415
0.007844
0.0066465
0.0076259
0.008894
0.010066
0.010628
0.0059798
0.0083833
0.0071987
0.006225
0.0079019
0.011133
0.01016
0.0078063
0.007169
0.00018599
0.0002293
0.00038924
0.00089499
0.0012047
0.00096934
0.0017365
0.00031109
0.00073843
0.0010749
0.0018471
0.005021
0.0011261
0.0017993
0.0015113
0.0020361
0.00088275
0.0020961
0.0036251
0.0029653
0.002263
0.0033708
0.0016728
0.0010983
0.0012453
0.005102
0.001397
0.00067596
0.001274
0.00477
0.0012109
0.00044676
0.0011332
0.001366
0.00079823
0.0012464
0.00095692
0.0016382
0.0022465
0.00070426
0.0026452
0.0019398
0.0012348
0.0010696
0.0018735
0.0031556
0.0017233
0.0022907
0.0021762
0.001702
0.0023051
0.001435
0.0014555
0.0018466
0.0038469
0.0027827
0.0022649
0.0028105
0.0044651
0.0036042
0.0011029
0.0011028
0.0034911
0.0036035
0.0015511
0.0011932
0.0003143
0.00075843
0.0015903
0.0022732
0.0012313
0.00055444
0.001321
0.0015603
0.001949
0.0029685
0.002664
0.0025678
0.0039829
0.0025603
0.0018505
0.0022017
0.0017703
0.0023488
0.0032962
0.0043294
0.0022126
0.00096371
0.0016265
0.0026733
0.0019141
0.0025025
0.0033017
0.001011
0.0013961
0.0016274
0.0009936
0.0031989
0.0018738
0.0014192
0.0011078
0.0027685
0.0027796
0.00098989
0.0041102
0.0018052
0.0022008
0.0026257
0.0029103
0.0023902
0.0025585
0.0017894
0.0023895
0.0015498
0.0019296
0.0012061
0.0014139
0.0017122
0.0024832
0.0031346
0.002615
0.00092026
0.00073415
0.0015744
0.0030413
0.0030549
0.0020313
0.0017423
0
0
0
0
0
0
0
0
0
0
0
0.00046784
0.00032083
0.00011938
0
0
0
0
0
0.001133
0.00023548
0.00019584
0.00025969
6.5215e-05
8.2186e-05
0.00015839
0.00038956
0.0001428
0
3.8559e-05
0.00020566
0.00043219
0.00027907
0.0001859
0.00050928
0.00041424
0.0002611
0.0011234
0.00043688
0.00014193
7.5396e-05
0.00049008
0.0014347
0.00058665
0.00069797
0.001201
0.00090685
0.00039877
0.00025535
0.0021368
0.00060203
0.00011079
0.00019877
0.0015083
0.00052475
0.00022215
0
0.0011881
0.00038997
0.00036726
0.00013007
0.0015634
0.00058581
0
0
0
0
0
0
8.3574e-05
0
0
0.00018599
0.00016438
0.00038924
0.00018513
0.00066102
0.00076639
0.0016703
0.00017566
0.00030765
0
0.00039986
0.0025064
0.00019205
0.00019844
0.00071523
0.00091311
0.00029127
0.00085028
0.0010576
0.00093254
0.00048505
0.00090248
0.00030676
0.00049178
0.00023496
0.00059513
0
0.00065352
0.00056193
0.0011176
0.00013646
0.00053566
0.00013264
0.00089114
0.00072869
0.00083126
0.00073102
7.5176e-05
0
0
0.00056223
0.00067228
0.00063571
0.00064336
0.00059689
0.00048415
7.4973e-05
0.00018925
0.00052565
0.00061457
0.00024127
0
0.00015809
0.0012142
0.00021798
0.00019114
0
0
0
0
0
0.00021318
0.00017632
0
0.00020816
0.00087909
0.0002379
0.00020374
0.00032854
0.00034732
0.0005022
0.00039159
0.0011841
0.00020735
0.00088597
0.00075883
0.0010776
0.00087561
0.00031905
0.00070457
0.00053889
0.00088282
0.00021432
0.00079474
0.00065034
0.0013267
0.00044039
0.0002387
9.4162e-05
0.0013663
0.0005414
0.00031545
0.00085824
0.0015559
0.001868
0.0010155
0.00012699
0
0.0007495
0.00031993
0.00015539
0
0.00069083
0.00032936
0
0.00066626
0.0016356
0.00082667
0.0004768
0
0
0
0.00013502
0.0005812
0.00039796
0
0.0001676
0.0003162
0.00019525
0
0
0
0
0
0
0
0
0
0.00074798
0.00045989
0.00038097
0.00090515
0.00079078
0.00098457
0.0012145
0.0004481
0.00089323
0.00058015
0.00031389
0
0.00025265
0.00042941
0.00034758
0.00064138
0.00023955
0.00024672
0
1.266e-05
0
0.00057737
0.00049534
0.00058736
0.00062629
0.00027271
0.0010142
0.00078547
0.00035189
0.00020099
0.0013302
0.0010867
0.0012563
0.00017774
0
1.4203e-05
0
0.00019769
0.00025183
0.00040158
0.0015949
0.00088902
0.00046556
0.0011514
0.00073855
0.0004088
0.0011161
0.0028591
7.6271e-05
0.00067406
0.0019605
0.0013956
0
6.3975e-05
0.0017148
0.00077014
0
0
0
0
0
0
0
0
0.00052355
0.00029411
0.00017197
0.00036844
0.00037833
0.0011792
0.00092818
0.00011315
5.7201e-05
0.00012282
0.00045523
0.00026937
0.00089333
0.00041513
0.00013701
0.00022474
1.9387e-05
6.6183e-05
0.00010728
0.00074847
0.00037128
0.00036833
0.00049887
9.3227e-05
0.00083667
0.00043749
0
0.00063
0.0014002
0.001257
0.00028523
0.00029569
0
0
9.4313e-05
0.00093493
0.00067264
0.000368
0.00025209
0.00015552
0.0009449
0.00072107
0.00043701
0.0013265
0.0020966
0.00018821
0.00024011
0.00085649
0
0.00050634
0.00052558
0.00043751
0.00081379
0.00077846
0.0012716
0
0
0
0
0
0
0
0
0
0.0010276
0.00066914
6.5321e-05
0.00037233
0.00048465
0.00074113
0.00030578
0.00033077
0.00023634
0.0010032
0.00038897
0.0011803
0.0010285
0.00043069
0.0014063
0.0014359
0.00043775
0.00028042
0.00088601
0.00056043
0.00031037
0.00022552
0.0010275
0.00051525
0.00041283
0.0014239
0.0012166
0.00012774
0.001094
0.0025787
0.0014699
0.00023883
0.00053545
0.00034024
0.00026207
0.00035479
0.00012505
0.00089368
0.00034537
0.00010679
9.5272e-05
8.2317e-05
0
0.00026202
0.00052754
0.00038509
0.00026753
0.00039982
0.00044015
0.00031328
8.3165e-05
0
7.0881e-05
0
0
0.00036236
0.00013212
0.00031809
0.00010855
0.00023583
0.00036035
0.00069066
0.00013638
0.00012062
0.00012514
0.0005058
0
0.00035764
0.00090642
0.00089292
0.00024731
0
0.0014491
0.00040629
0.00076705
0.00073643
0.00094058
0.00054578
0.00033911
0.00049611
0.00059771
0.00053882
0.00053623
0.00063953
0.00055302
0.00075113
0.0008021
0.00068839
0.00066851
0.00033833
0.00058754
0.00039192
7.2348e-05
0.00078086
0.0019415
0.00033366
0.0004185
0.0003059
0
0
8.1117e-05
0.000169
6.9919e-05
0.00013603
0.0010908
0.0002754
0
0
0
9.2298e-05
5.0669e-05
0.00012184
0.0014611
0.00086726
0.00014147
0.00049781
0.00051459
0.00050966
0.00084398
0.00084092
0.00014263
0.00017269
0.00014504
0.00031859
0.00014637
0.00043363
0.00077055
5.1561e-05
0.00039077
0.0013188
0.0013143
0.00042704
0.00023725
0.00051958
0.00099836
0.00061044
0.0022185
0.00048371
4.6576e-05
0.00011275
0.00043582
0.00049404
0.00060019
0.00029262
0.00025391
0.00011089
0.00076053
0.00078661
0.00090727
0.00048148
0.00095849
0.00032228
0.00039043
0.00033878
0.00043726
0.00091394
0.0007573
0.0002841
0.00057872
0.00098659
0.00074086
0.00029181
0.0012519
8.5576e-05
8.3385e-05
0.00048631
2.351e-05
0.0014535
0.00039202
0.00015494
8.1281e-05
0.00020251
0.00073229
0.0011504
0.00012544
0.0002186
4.8466e-05
0
0.0002247
0.00072553
0.0011989
0.00067312
0.001152
0.00051465
