0.031954
0.027908
0.032218
0.029998
0.035433
0.034013
0.030358
0.030914
0.011029
0.0066779
0.010384
0.0096024
0.011067
0.0096342
0.0088507
0.01116
0.0084771
0.011675
0.0097156
0.0080939
0.012225
0.0099954
0.0080068
0.0063373
0.0072909
0.0069593
0.0059759
0.0049922
0.0056692
0.0079298
0.0069851
0.0059646
0.0051566
0.0025959
0.0061424
0.0073094
0.0064717
0.0064533
0.0065158
0.0074527
0.0028544
0.00030018
0.00064398
0.002606
0.0029662
0.0016767
0.0023248
0.0029836
0.0020584
0.0017001
0.0028709
0.0033046
0.0033515
0.0025244
0.0016399
0.0013198
0.0015428
0.0017147
0.0025532
0.0025714
0.0059445
0.0022468
0.00145
0.0016
0.00081898
0.0020664
0.001017
0.0013977
0.001434
0.00085874
0.00047351
0.00042311
0.00059641
0.00068412
0.0016057
0.00118
0.0013352
0.0019075
0.0016838
0.002965
0.0044789
0.0038505
0.0050967
0.0019476
0.0027181
0.0032415
0.0028345
0.0032722
0.0060088
0.0049668
0.0035599
0.0027641
0.0034658
0.0017847
0.0035727
0.0033138
0.00057291
0.002473
0.0023277
0.0011781
0.0014771
0.0044647
0.0028087
0.0015142
0.0014599
0.00094599
0.000309
6.3796e-05
0.00066092
0.0029578
0.0017509
0.00061494
0.0017776
0.0039466
0.0036693
0.0020708
0.002644
0.0015258
0.0021788
0.0020827
0.0011615
0.0005771
0.002292
0.002664
0.0028038
0.0030993
0.0020756
0.0017771
0.0019518
0.0014452
0.0011245
0.0010301
0.0030548
0.0034205
0.00036186
0.001312
0.00095075
0.00011391
0
0.0010394
0.0020037
0.0026442
0.0013127
0.0021505
0.0030566
0.0020031
0.002023
0.0015428
0.00028783
0.0010861
0.001456
0.0012219
0.0015808
0.00034242
0.0015514
0.002177
0.00017714
0.00032154
0.0029037
0.0025018
0.00099503
0.00033836
0.0012673
0.0014699
0.00098878
0.00023413
0.001345
0.0016739
0.00031315
0
0
0
0
0
9.6452e-05
0.00070432
0.0022133
0
0
0.0011856
0.0020961
0.00020601
8.7805e-05
0.00070864
0.00049813
0
0
0.0002322
0
0.00028975
0.00013307
0.00023283
0.00042815
5.136e-05
0
0
0.00029753
0.00013515
0
0
0.00011351
0.00069295
0.00017537
0.00013375
0.0020016
0.001019
6.4643e-05
0
0
0.00026679
0.00072677
0.0014933
0.0019842
0.00030707
0.000151
0
0.00010244
0.00024523
0.00012595
0.00025432
0.00032688
0.00032649
0
0
0
0
3.2322e-06
0.00021781
0.00036428
3.3976e-05
0
0
7.8642e-05
0.00017079
1.6481e-05
0.0002017
0.00054878
0.00081179
0.00037773
0
0.00024928
0.00012939
0.0006275
0.00080215
0.00032126
0.00042236
0.0015654
0.0014101
0.00040716
0.00017514
0.0016461
0.0024959
0.0012775
0.00029075
0.001035
0.00055217
0.00050222
0.0012126
0.001082
0.00080868
0.0013286
0.0015363
0.00046696
0.00053481
0.00041582
3.1086e-05
0.00024865
0.00034374
0.0012899
0.00094831
0.00097736
0.00075999
0.00054479
0.00067595
0.00090147
0.00060063
0.00095383
0.00017234
0.00016941
0.00084001
0.00099692
0.0018089
0.0010446
0.00083845
0.00055226
0.0001362
0.00031779
0.00010263
0.00011032
8.5331e-05
0
8.7093e-05
0.00019156
0.0002294
0.00027001
0.0002652
0.00012208
0.00021495
0.00015381
8.7269e-05
0.0001208
0.00057122
0
1.0221e-05
4.8712e-05
0.00014216
0.0010566
0.00086293
0.00054114
0.0002279
0.00063251
0.0008004
0.00079501
0.00076246
0.00080402
0.00025135
0.0014016
0.0014719
0.00027734
0.00043797
0.00039891
0.0013451
0.0026019
0.00079489
0.00064362
0.00061603
0.00041201
0.0001276
0.0015807
0.00073722
0.00060863
0.00040575
0.0014625
0.00045279
0.0031995
0.0013211
0.0024499
0.00051344
0.00049885
0.00069992
0.00077958
0
0
0.00019826
0
3.4358e-05
9.6099e-05
0
0
0
0
0
0
7.7336e-05
0.00048718
0.00030463
0.0004222
6.1803e-05
3.9914e-05
5.5278e-05
0
0
0
0
0
6.6614e-05
0
0.0010046
2.0696e-05
0.00013476
0.00032844
0.00018336
0.00058081
0.00078738
0.0010513
0.0010994
0.0014457
0.0011613
0.0015403
0.0010499
0.00023978
0.00039686
0.00069924
0.00092784
0.0013967
0.00014703
0
0
0.00010975
0.0009033
0.0011308
0.0017261
0.00080176
0.00021651
0.00096637
0.00085606
0.00078057
0.00059873
0.00037503
0.00072013
0.0012011
0.0028488
0.00067653
0.00037632
0.00042511
0.00048913
0.00018399
0.00085637
0.0010204
0.0023051
0.0011944
0.00082067
0.00022816
0.0019711
0.002192
0.0016836
0
0.00058133
0.00047394
0.00020452
0.00055629
0.0012962
0.00080485
0
0
0
0
0
0
0
0
0
0.00037411
0
5.732e-05
6.3796e-05
0.00032396
0.0015486
0.0011761
0.00031634
0.0010466
0.0010604
0.00056281
0.00096178
0.00098938
0.00041489
0.00029639
0.00012305
5.5231e-05
0.0012653
0
0.00052145
0.0013003
0.001003
0.00024463
0.00022322
0.00087505
0.00078365
0.00081885
0.00088136
0.00094274
0.0012843
0.00093443
0.0010923
0
0
0.0016137
0.0013504
0.00050331
0
0
0
0.00046617
0.00055359
0.0013115
0.0014102
0.0030634
0.0036613
0.00019542
0.00051652
0.00030799
0.00070066
3.4586e-05
5.7183e-05
0.00016342
0.0003961
0.00013129
0.00021134
0
0
0
0
0
0
0
0
0.00073666
0.00082532
0.00025168
0
0.00033696
0.0013156
0.00036227
0.00050958
0.00068057
0.00026854
0.0007055
0.0002155
0.00057866
0.0002494
0.00081607
0.00091231
0.00038722
0.0011121
0.0010563
0.00023982
9.3038e-05
0.00014856
0.00069238
0.0008015
0.0002917
0.00016356
0.0011534
0
0.0011563
0.0018571
0.0010035
0.00029435
3.4282e-05
5.2242e-05
0.00011168
0
0
0
0
0.00018692
0.00031375
6.5446e-05
0.00028375
0.00026286
5.9422e-05
0.0001192
0
0.00013117
0.00058966
0.00041243
0.00038253
0
0
0.00034328
0.00014117
0.00053759
0
0
0
0
0
0.00051794
0
0
0.00044686
0.00023458
0
0
0.00067179
0.001717
0.00047049
0.00016037
0.0004893
0.0011118
0.00064419
6.6633e-05
0
0.00046297
0.00049668
0.00016681
0.00038536
0.00063046
0.00050705
1.2308e-05
0
0
0.00016621
0.00015595
3.2322e-05
7.611e-05
2.514e-05
0
6.3213e-05
0.00015066
0.00072297
0.00046253
0.00013977
4.1956e-05
0.00038359
9.2611e-05
2.0696e-05
6.3993e-05
0.00012868
0.00034618
0.00056065
0.00019297
0.0012565
0.00016158
0.00010973
0
0.00042294
0.00086412
8.5055e-05
0
0
0.00012304
0.0002084
0.0001812
0.00021094
8.5163e-05
0
0
0
0
0.00024454
0.00033829
0.00045069
0
0.00057033
0
0
0.00060299
0.0008515
0.00014684
0.00041706
0.0018472
0.0019249
0.00018816
4.1956e-05
0.00042295
0.00021651
0.00020251
0
0.00042743
0.0005076
0.00016692
0.00086577
0.00095433
7.1327e-05
0.00041049
0.0011095
0.00051908
0.00013423
0
0.00056181
0.0009608
9.323e-05
8.4036e-05
0.001321
0.0007758
0.00086811
0.00017864
0.00017573
0.00032485
0
0
0.00050886
0.00088823
0.00047822
0.00011299
9.3286e-05
0.00047641
0.00045125
2.2855e-05
0.00020794
0.0001771
6.7257e-05
7.8109e-05
0
0.00052237
0.00017334
0.00015507
0.00012332
0.00018053
