0.033181
0.029322
0.029738
0.036272
0.034852
0.032591
0.033029
0.028916
0.0067737
0.0074281
0.010343
0.0087239
0.0079376
0.010127
0.011343
0.0091857
0.010447
0.0075094
0.0086019
0.0076288
0.0089355
0.0077106
0.0071547
0.0091995
0.0099501
0.0080687
0.0058779
0.010975
0.0085793
0.0077163
0.0087215
0.006845
0.0060097
0.0063155
0.0049149
0.0089446
0.0093997
0.0070368
0.0058099
0.0036862
0.0012316
0.002422
0.0014634
0.0023195
0.0017778
0.0028575
0.00201
0.0021003
0.0030072
0.0011869
0.0033837
0.0034278
0.0017836
0.0020967
0.0054119
0.0030857
0.0047535
0.0024012
0.0016855
0.0024136
0.0037129
0.0027743
0.00069286
0.0038415
0.0030918
0.0019318
0.001349
0.0018313
0.0019281
0.0011773
0.0015763
0.0021577
0.00061648
0.00093694
0.0020727
0.001371
0.001075
0.0016801
0.00229
0.0015945
0.0019185
0.0025596
0.0027095
0.0013391
0.0029583
0.0033069
0.0015417
0.0019971
0.0016223
0.002537
0.0026935
0.0018769
0.0015261
0.002191
0.0025609
0.0020243
0.0007961
0.00082044
0.0027902
0.001257
0.0013249
0.0011651
0.0022767
0.0015841
0.0037652
0.0032295
0.00064346
0.0007967
0.0011096
0.0040358
0.0016537
0.00046859
0.002599
0.0023338
0.0019493
0.0018191
0.0017557
0.0016721
0.0023636
0.0019385
0.0026188
0.0015202
0.001961
0.0017632
0.0026784
0.0016619
0.0021302
0.0010331
0.002013
0.0030269
0.00093289
0.00059867
0.0020949
0.0020956
0.00037807
0.00024917
0.0013919
0.0013364
0.0010341
0.00085627
0.00086241
0.0012042
0.0022301
0.0018626
0.0017872
0.00076327
0.0018802
0.0036077
0.0024198
0.00096107
0.0023707
0.0024091
0.0012049
0.0015275
0.001393
0.0023598
0.0021107
0.0019093
0.0021686
0.0017317
0.00066188
0.00072689
0.0015937
0.001977
0.001171
0.0016407
0.0011419
0.00083849
0.00018856
0.00054905
0
0
0.00017923
0.00044092
0.00013282
6.3214e-05
0.00014623
0.0003533
0.00025629
0.0020437
0.0012643
0.000106
0.00036816
0.00026231
0
0
0.00079044
0.0020465
0.0010624
0.00090475
0.0022819
0.00054241
9.6129e-05
0.00048875
0.0011307
0.00067668
0.00024788
0.00061412
0.0025164
0.00059357
0.0011987
0.0011259
0.00025855
0.00088523
0.00067999
0.00049134
7.3787e-05
0.0006886
0.0008621
0.00065586
0.0006456
0.00010507
0.00089836
0.00045595
0.00021246
0.0015993
0.0014618
0.00085416
0.00024849
0.00065411
0.0011837
0.00027909
0.00043791
0.00067723
0.0015258
0.00060301
0.00045789
0.00075877
0.00067756
0.00044956
0.00025346
0.00053663
0
0
0
0
0
0.001467
0.0010741
0.00034555
0.00089676
0.0015197
0.001111
0.00020719
0.000161
0.00079208
0.00041591
0.0012974
0.0014779
2.1203e-05
0.00085814
0.00037253
0
0
0.00030435
0.00092853
0.0012456
0.00050244
0.00066498
0.00011419
0.00043388
0.00057779
0.00030928
0.0010705
0.001353
0.00016445
0.00039649
0.00017742
0.00091158
0.0011577
0.00017954
0.00081553
0.00073158
0.00046376
0.00042045
0.0011293
0.00019783
0.00041907
0.0001872
0.00062161
0.00050518
0.00015887
0.00039674
0.00033399
0.0006295
0.0003464
0.00017341
0.00073833
0.00011445
0.00023997
0.00011897
0.00015239
0.00013377
0.00028725
0.00062461
0.0002739
7.8524e-05
8.072e-05
8.8987e-05
4.7312e-05
0.00015542
2.7302e-05
0.00010722
3.7633e-05
0.00021951
0.00031384
0.0008081
0.00075284
0.00027349
0.00042018
0.00074983
0.0012094
0.0002994
0.00064832
0.00079567
0.00046554
0.00057776
0.0011833
0.00034196
0.00052711
0.0004408
0.00091348
0.00086049
0.00032511
0.00046775
0.0012926
0.00027747
0
0.00019182
0.00080711
0.0013541
0.0010489
0.00043758
0.0010516
0.0011131
0.00080281
0.00026799
0.00025949
0.00051367
0.00048131
0.00061006
0.00053307
0.00050062
0.00022756
0
2.2869e-05
0.00075364
0.0006153
0.00020012
6.0597e-05
0.00017348
0.00032482
5.1137e-05
0.00022187
0.00052501
0.00017933
0.00018208
0.00014361
0.00024235
0.00018992
0
0
0
0
0
0
0
0
0.00022304
0.00050149
0.00066325
0.00048892
0.00056958
0.0012841
0.001301
0.00020852
0.00087267
0.00068339
0.0011716
0.00031025
0.0013471
0.0002416
0.0001264
0.00085902
0.00016616
0.00025858
0.0002699
0.00018961
0.00032541
0.00012729
0.00038055
0.00056063
0.00061737
6.9469e-05
0.00048961
0.00041141
0.00053843
0.00078774
0.00074706
0.00051404
0.00062406
0.0014745
0.00012205
0.00011847
0
0.00021781
0.00022129
0.0003947
0.00061256
0.00024476
0.0010394
0.00021629
0.0004085
0.00063796
0.0015815
0.0012002
0.00032592
0.00010945
0.00043953
0.00014765
0.00026459
0.00013436
0.0005695
0.00021375
0
0
0
0
0
0
0
0
0.00045731
0.00036558
0.0006875
0.00059674
0.00032739
0.0018475
0.00074525
0.00029443
0.00033178
0.00037568
0.00071425
0.0012681
0.00072282
0.00018772
0.00022268
0.00036121
0.00034185
0.00061919
0.000309
0.00037273
0.0005027
0.00028756
0.00016454
0.00015374
0.00053114
0.00013957
0.00024165
0.00049743
0.00049739
0.00025713
0.00098765
0.00051687
0.00042531
0
0.00065382
0.00089336
0.00068542
0.0001483
0.00014744
0.00014012
0.0006767
0.0013254
0.0004014
0.00010166
0.0022195
0.0010659
0.00010982
0
0.0005028
0.00073544
0.00034628
0.00013639
7.0469e-05
0.00068343
0.00015096
0.00016142
8.8689e-05
9.8544e-05
0
0
0
0.00082619
0
0
0.0026357
0.0024459
8.0147e-05
6.9099e-05
0.00062151
0.00061516
0.00091084
2.5482e-05
0.0007746
0.00070919
0.00030507
0.0001325
0.00030635
0.00054571
0.0012665
0.00074972
0.0008263
0.00034855
0.00051211
0.00014778
0.00047475
0.00020531
0.00072814
0.00045989
0.0014855
0.00092765
0.00035194
0.00011192
0.00077063
0.0012545
0.00078001
0.00037629
0.00035379
0.00061607
0.00072393
6.5272e-05
0.00024911
0.00026653
6.7836e-05
9.9839e-05
0.00026365
0.00046063
0.00010631
0.00044084
0
0.00012048
5.3661e-05
0
0.00034594
0.00051938
0
5.9995e-05
0.00057218
0.00030922
0.00011437
0
0
0.00083072
0.00024135
0
6.7565e-05
0.0011829
0.0015795
0.00037442
0.00061587
0.00031876
0.00064149
0.00027931
0.0004598
0.00064035
0.00054606
0.00063778
0.00021828
0.00031586
0.00034069
0.0012274
0.0010068
8.9274e-05
0.00011522
0.00028687
0.00028635
0.00011829
0.00032293
0.00095851
0.00014925
0.0002216
0.00071045
0.00021355
0.00055231
0.00013021
0.00069258
0.00054027
0.00095002
0.00064343
0.001282
0.00033497
0.0002072
0.00059054
0.00018626
0.0001205
0.00018559
0.00023693
7.234e-05
0.0006727
0.00068075
0.00047431
0.00047116
0.00014132
0.00023252
0
0.00029906
0.00022743
8.5707e-06
7.1226e-05
0.00029522
0.00021286
0.00037384
0.00035446
0.00022824
0.00038999
0
0
0
0
0
0
0
0
0.00084678
0.00039774
0.00015126
9.0424e-05
7.9594e-05
0.00012787
0.00019324
0.00099906
0.0011397
0.00032498
0.00019205
0.00029211
0
0.0002848
0.00064227
0.0012051
0.0003754
0.00021338
0.00093018
0.00084549
0.00035877
0.00045466
0.00079078
0.0006294
0.00012094
0.00032626
0.00071602
0.00070748
7.8645e-05
0
0.00032207
0.0003107
0.00033275
0
0.00011221
0.0009034
0.00076016
0.00085698
0.00029155
0.00054541
0.00026329
0.00016417
0.00067131
0.00063486
0.00021147
0.00026519
0.00017616
0
4.4863e-05
0
0.00010525
0.0001637
9.788e-05
0.00080885
0.00073795
0.0001762
