0.03382
0.027169
0.027247
0.032757
0.033651
0.036183
0.032599
0.02972
0.0055361
0.0053257
0.0048039
0.0065742
0.0063229
0.0056257
0.0047837
0.0051021
0.009524
0.0053097
0.0091341
0.0095726
0.0087199
0.011576
0.01048
0.0093473
0.0068255
0.0062174
0.0047122
0.0062046
0.0059626
0.006047
0.0069157
0.0066209
0.011934
0.010316
0.0085971
0.010406
0.012646
0.012934
0.01042
0.00865
0.00075519
0.00022321
0.00059323
0.00076105
0.0006459
0.00068548
0.00035516
0.00072087
0.0015377
0.0018575
0.00079344
0.0014481
0.0023987
0.00099295
0.00078698
0.00070661
0.0012922
0.0010372
0.0025146
0.0025597
0.0028606
0.0022015
0.0016624
0.00082441
0.0019144
0.0009169
0.00059766
0.0007937
0.00064448
0.0012347
0.0018552
0.0023384
0.00038969
0.0013383
0.0014769
0.0021578
0.00072511
0.00097751
0.0011504
0.0011843
0.0027234
0.0017089
0.0019403
0.0020641
0.0020722
0.0028463
0.0024911
0.0024305
0.0038141
0.00068206
0.00087479
0.0021575
0.0033785
0.0039594
0.0040055
0.0026472
0.0025689
0.0025598
0.0051471
0.0034659
0.0015574
0.004053
0.0029565
0.0035369
0.0011148
0.0016322
0.00077632
0.00046255
0.0011323
0.0021807
0.0013282
0.00099773
0.002435
0.0025396
0.0021461
0.0032737
0.0015257
0.0014693
0.0032733
0.0023729
0.0018996
0.0021901
0.0015567
0.002932
0.0045256
0.0053345
0.0034006
0.0022238
0.0063657
0.0040537
0.0025614
0.0022224
0.0037325
0.0030541
0.00058738
0.0015582
0.00082811
0.00034109
0.00077535
0.00047078
0.0013068
0.0017916
0.00091776
0.0015578
0.0022695
0.0017471
0.0010144
0.0018147
0.0019251
0.00058737
0.0010733
0.0016924
0.0023551
0.0025184
0.0023494
0.003868
0.0024211
0.0018853
0.0036218
0.0029937
0.0012233
0.0018232
0.0019499
0.0019302
0.0026873
0.0027316
0.0026664
0.0017826
0
0
0
0
0
0
0
0
0
0
0
0
0
0
0
0
0
0
0
0
0
0
0
0
0
0
0
0
0
0
0
0
0.0003475
0.00016896
5.5906e-05
0.00011474
0.000742
0.00020739
0.00030501
0
4.7694e-05
0
0.00041649
0.00078998
0.00039609
0.00023479
0.00028508
0
0.00041389
0.00030441
0.00038559
0.00012697
0.00030697
0.00052355
0.00046171
0.00014193
0.0005384
0.00030119
0
0
9.1128e-05
9.4842e-05
5.581e-05
0.00090064
0.00039518
0.00020781
9.8104e-05
1.633e-05
5.7808e-05
0.00022786
0
5.6969e-05
0.0002966
1.5406e-05
0.00033981
0.00060009
0.00055901
0.00045762
0.00035516
0.00058469
0.00075888
0.00052607
0.00070837
0.0014045
0.00094738
3.731e-05
4.7624e-05
0.00034704
0.00073997
0.0013314
0.00017636
0.00018816
0.0010752
0.00084366
0.00072903
0.0003201
0.00043032
0.00028993
0.00027795
0.00012089
0.00061025
0.00084643
0.00082272
0.0006355
0.00050547
0.00046256
0.00065162
0.0012264
0.0011752
0.00098179
0.00025994
9.5575e-05
0.00029877
0.00033877
0.0012022
0.00049972
5.642e-05
0.00010221
0.00030468
0.00068635
0.00042312
3.4332e-05
0
0.00035425
0.00014344
0.00043329
0.00075728
0.00046865
6.051e-05
0.00037591
0.00064044
0.00028987
4.4481e-05
0.00024257
0.00036538
1.633e-05
0.00019049
0.00033912
0.00020059
0.00096476
0.00048189
0.00037427
0.00038883
0.0011368
0.0004081
0.00091226
0.00065196
0.00062475
0.00020544
0.00042318
0.00024354
0
0.00018489
0.00037721
0.0011264
0.00072605
0.00072293
0.001226
0.0003621
0.0001171
0.00032907
0.00034326
0.00051835
0.00073138
0.0010432
0.00084118
0.001106
0.00037434
0.00040156
0.0002314
0
0
0.00080275
0.0011741
0.00077599
0.0012538
0.00041917
0.0004354
0.00040699
0.0019902
0.00077621
0.00056663
9.9333e-06
0.00018711
0.00038187
0.00017345
0.0021012
0.00092078
0.00039826
0.00013192
0.00036153
0.00063053
0
0
0
0
0
0
0
0
0
0.00050341
0.00069992
0.00060054
0.00022781
0.00025778
0.00035688
0.0001104
0.00053184
0.00010351
4.4603e-05
0.00022829
0.00046482
0.0003164
0.00031549
0.00079273
0.0014158
0.00043576
0.00011728
0.00036526
0.00057331
0.00066969
0.0013156
0.0014358
0.0015406
0.0001074
0.00028132
0.0015274
0.00029337
0.00080444
0.00024408
0.00066448
0.0017885
0
7.5119e-05
0.00015375
0.0010897
0.00049179
0.00022627
0.00025141
0.001651
0.0017115
0.0012004
0.00014315
0.00028875
0.0014258
0.0017611
0.0020843
0.00025592
0.00016096
0.00069752
0.00025819
0
0.0013555
0.0020465
0.00066069
0
0
0
0
0
0
0
0
0.00022123
0.00093057
0.00060838
0.00032257
0.00034782
0.000383
0.00080746
0.00032293
0
7.0448e-05
0.0002686
0.00017103
0.0001618
0.00014898
0.00025058
0.00031112
5.8486e-05
0
0.00045716
0.00087084
0.0013443
0.00046415
0.0004681
0.00024115
0.00078635
0.00095558
7.0144e-05
0.0019364
0.0011554
0.00085432
0.00069646
0.00013975
8.9935e-05
9.8862e-05
4.9747e-05
0.00050415
0.0018403
0.00086757
0.00072567
0.0011595
0.00044896
0.00036817
0.0014193
0.0008212
0.0023815
0.00049443
0.00016102
0.00044205
0.0011024
0.00054528
0.0007141
0.00082119
0.00039952
0.0025163
0.00013236
2.4277e-05
0
0
0
0
0
0
0
0
0.00078664
0.00070164
0.00016794
0.00021736
0.00049873
0.0015055
0.00047669
0.00054893
0.00045494
0.00063
0.00034929
0.00069886
9.1581e-05
0.00030871
0.00078099
0.00054692
0.001187
0.0010441
0.00086202
0.0008599
3.3981e-05
0.00053265
0.0012314
0.00070345
0.00083433
0.001265
0.0011456
0.00091092
0.00048889
0.0021208
0.0014778
0.00041109
4.6706e-05
7.6683e-05
0.00012947
3.5815e-05
0.0010733
0.0015772
0.0006095
0.00059976
0.0015188
0.00084511
0.00050982
0.00064015
0.00033975
0.00023814
5.5739e-05
0.00081491
0.0021818
0.0014578
0.00037702
0.00014702
0.0007473
0.0004729
0
0.00041366
5.7875e-05
0.00010841
0.00037011
0.00022828
0.00018479
0.00052115
0.00019538
0.00016396
0.00041775
0.00023268
0.00040523
0.0002425
0.0012758
0.0013881
0.00047798
0.0007184
0.0010236
0.0013343
0.00044951
0.00073905
0.00096132
0
9.1944e-05
0.00023251
0.00068514
2.98e-05
0.00042241
0.00030534
0.00030983
0.00011144
0.00075467
0.00080043
0.00025116
0
0.00060378
0.0015376
0.000665
0.00032929
0.0002062
0.00024943
0.000866
0.00079957
0
0.00055679
0.00046784
0.0011882
0.0011557
0.0005393
0.00083748
0.0019961
0.0013813
0.00047512
0.0007958
0.00056093
0.0006882
0.00066081
0.00012065
0.00033741
0.00020912
0.00034191
0.00019403
0.00066368
0.000555
0.00016806
0
0
0
0
0
0
0
0
0.00035249
0
0
0
0
8.0682e-05
0.00032783
0.00060796
0.0012002
0.00075285
0.00023811
0.00019477
0.00020915
0.00013721
0.00042847
0.00055304
6.5908e-05
0.0001488
0.0001134
0.00045789
0.00043809
7.8061e-05
0
0.00028926
0.0011681
7.7375e-05
0.00029993
0.00017301
0.00034724
0.00015593
0.0010466
0.0014486
4.9018e-05
0.00065457
0.00069993
0.0012741
0.00094943
0.00049202
0.0014982
0.00091466
0.0002453
0.00045219
0.00037975
0.00080595
0.0004963
0.00039498
0.00086178
0.0003521
0.00014875
0.00018101
0.00018863
0.00025582
0.00073317
0.00063417
0.00055546
0.00031998
