0.033005
0.036222
0.046676
0.031244
0.022064
0.031682
0.027349
0.025216
0.0051384
0.0030638
0.011801
0.0040971
0.0022219
0.0047515
0.0023595
0.0040855
0.013261
0.014882
0.013635
0.010278
0.0094763
0.011652
0.01157
0.012249
0.0070961
0.008884
0.0053619
0.010849
0.0028033
0.0022318
0.0068363
0.0034732
0.0075087
0.0093921
0.015878
0.0060196
0.0075626
0.013047
0.006583
0.0054084
0.0013127
0.0006157
0.0044963
0.00067078
0
0
0.00021177
0.0014932
0.0027987
0.00012483
0.00041212
0.0013743
0.0013975
0.0024612
7.272e-05
0.0019083
0.0011077
0.00080946
0.00034112
0.00067358
0.00053368
2.9932e-05
8.6756e-05
0.0019748
0.0028894
0.004646
0.0026989
0.0020618
0.0023126
0.0016078
0.00059199
0.00074846
3.5601e-05
0.0013663
0.005716
0.0011507
0.00020766
0.00075496
0.0010554
0.00028888
0.00095283
0.00073746
0.0011533
0.00081554
0.00056996
0.0015161
0.0010195
0.00039516
0.004358
0.0077127
0.0071159
0.0029291
0.0019609
0.0024568
0.0023229
0.0024148
0.0049448
0.0015643
0.0030812
0.0045543
0.0045058
0.0073495
0.0084169
0.0067135
0.0037103
0.0061601
0.0021034
0
9.2553e-05
0.00022829
0.00038346
0.0011666
0.0033859
0.0023678
0.00041395
0.00017491
0.000755
0.00063937
0.0045133
0.0019981
0.0021462
0.003374
0.0059915
0.00016961
0.0027542
0.005987
0.0014444
0.0012574
0.0043201
0.0031795
0.0036237
0.0025814
0.0039654
0.004576
0.0016058
0.0029157
0
0
0.0025215
0.0051127
0.00032557
0
0
0
0
0.00044787
0.00026219
0.0055615
0.0016302
0.0013834
0.0019395
0.00030844
0.00037009
0.0010129
0.0018991
0.00053589
0.00012855
0.00090285
0.0017369
0.00029419
0.00040747
0.0018931
0.00451
0.0026428
0.00063489
0.0015172
0.0019472
0.00090373
0
0
0
0
0
0
0
0
0
0
0
0
0
0
0
0
0
0
0
0
0
0
0
0
0.00059512
5.2264e-05
0
0
0
0
0
0
0.00046674
0
0
0
0
0
2.7258e-05
0.00030819
7.8963e-05
7.257e-05
0
0
0
0
3.9666e-05
0.00016042
0.0010462
0.0027316
0.00036903
0.00066614
0.00029765
0
0
8.9077e-05
0.001292
0.00078719
0.0014803
0.00074223
0.00049209
0.00090443
0.00044795
0.00043366
0
0
0
0
0
0
0
0
0.0013127
0.0006157
0.0042262
0.0004996
0
0
9.9384e-05
0.0013365
0.0013568
0
0.00028941
0.0014287
0.00068538
0.0010466
0
0.0018588
0.00076283
0
0
0.00011678
0.00045745
0.001335
0
0.0002062
0.00053566
8.1646e-05
0.00013497
0.0001505
0.00012744
7.9606e-05
0
0.00088435
0
7.6098e-05
0.00011407
0.00032712
0.00048693
2.9932e-05
1.9833e-05
0
0.0003958
0.00071473
0.00051932
0.00025757
4.3098e-05
0.00013956
0.00014404
0.00022573
0
4.3098e-05
0.00026353
0.00041508
0.00067588
0.00028561
0
0
0
0
0
0
0
0
0
0
3.5601e-05
0.00082478
0.0042086
0.0010167
0.00015797
0.00044767
0.00068249
0.00022599
0.00011754
0.00027545
0.00045455
0.00043994
0.00065317
0.0012213
0.00065698
0
0.00039135
0.00035556
0.00079813
0.00046074
9.0765e-05
0
0.00048217
0.00033439
0
0.0018276
0.0029795
0.0024449
0.0015409
0.0019026
0.0022174
0.0022334
0.00063704
0.0033293
0.00040669
0
0
0
0
0
0.0060803
0.0017846
0.00055032
0.0011677
0.00062866
0.00043906
0.0028969
0.0051186
0.0002392
4.698e-05
4.7672e-05
0
0.00021779
6.8064e-05
0.002775
0.000917
0
0
0
0
0
0
0
0
0
0.00036782
0.0017775
0
0
0.00024561
0.00022437
0
0.00023843
8.6196e-05
0
0
4.9692e-05
0.00021868
0.00021405
6.2891e-05
0.00020551
6.2891e-05
0
0
0
0
0
6.077e-05
8.9398e-05
0.00010586
0.0001066
0
0.00011807
0.00012903
3.8548e-05
0.0001839
0.00016135
0.0013809
0.0022163
0.00016276
0.00030192
0.00031478
6.6931e-05
1.4783e-05
0.00013589
0.00030953
0.0026732
0.0028342
0.0024151
0.0021884
0.00047969
0
0.00049189
0.00051252
0.00094171
0.00077763
0.0004865
0.0041342
0.0020227
0.00049469
0
0
0
0
0
0
0
0
0.0002689
0.0014922
0.00033365
0
9.2553e-05
0.00028998
0.00031852
5.3299e-05
0.00025804
0.00055456
0.00015894
0
7.305e-05
0.00026696
0.00032736
0.00030759
0.00027299
8.4662e-05
0
0.00016089
0.00013875
3.994e-05
0
0.0001598
0.0035755
0.0030954
0.0023364
0
0.0013809
0.0039342
0.0010284
0.0017736
0
0
0.00019838
0
0.00021778
0.00066871
0.00035704
0
0.00084283
0.001165
0.0016162
0.00073029
0.0014249
0.0011013
0.00021413
0.00021379
0.00077101
0.00024046
0.00080904
0.00055703
0.00066932
0.001261
0.0003862
0.00085407
0.00057472
0.0011417
0.00054827
0
0
0
0
0
0.0021659
0.0027569
0.00024363
0
0
0
6.4942e-05
0.00036233
0.0026378
0.0017585
0.00027838
1.4024e-05
0.00024245
0
0.0030916
0.0015122
0
0
0
0
2.9565e-05
0.00013157
0.00035648
0.00014443
0
0.00017603
0.003089
0
0.0013164
0.0013307
8.8941e-05
0
0
0
0
0
0
5.3299e-05
0
0
0.00019984
0.00043387
0.00077009
0.0003596
0.00012598
0.00010092
0.00056564
0.00016535
0.0019797
0.0013967
0.00067353
0.00057003
0.0018132
0.0016042
0.00043983
0.0010845
0
0
0.0012739
0
0
0
0
0
0.00024294
0.0009431
0.0022255
0.0047781
0.00016567
0
0
0.00062504
0.00049951
0.00044787
0.00011574
0.0023694
0.0015447
0.00071404
0.00032033
2.3373e-05
5.9865e-05
0
2.9565e-05
9.6846e-05
0.0001577
0.00075801
0.0021518
0.00028506
0.00037009
0.00071405
0.00019801
0.00013953
0.00012855
0.00031744
0.00016585
0
0
0.00012399
0.00013903
0
0
0.00036122
0.00035949
0.00029419
0.00011835
0.0004511
0.0017377
0.00034464
2.0906e-05
0.00042031
0.00017816
8.3036e-05
5.4715e-05
0.00036101
0.0014311
0.0011625
0.00066889
0.00091447
0.0010911
0.00047544
0
0
0
0
0
0
0
0
0
0
0
0.00021771
0
0
0
0
0
0
0
0.0014993
7.0275e-05
0
0
0
0
0
0.00011688
0.0015808
0.0001278
0.00011229
0.00017535
0
0
8.0034e-05
0.00059173
0.00017607
0
0.00010044
0.0001569
0
0
9.4838e-05
0.00078184
8.1646e-05
0
0.00012375
0.0010547
0
0
0.00013078
0.00035175
0.00056644
7.5181e-05
0.00015868
5.1633e-05
0
0.0002007
0.0005737
0.00057709
0.00031457
0
0
0
8.7438e-05
