0.031663
0.032871
0.037168
0.033335
0.031645
0.037501
0.026965
0.022139
0.010183
0.007309
0.0097669
0.003831
0.0021993
0.0064755
0.0035324
0.0032427
0.00897
0.0076345
0.0088084
0.0095756
0.0071428
0.0087492
0.011573
0.0092934
0.0042153
0.01047
0.0083426
0.0099839
0.0068806
0.0065006
0.005406
0.003147
0.0082953
0.0074569
0.01025
0.0099447
0.015423
0.015776
0.0064532
0.0064555
0.0048401
0.001683
0.00015481
0
0.00014802
0.00066522
0.00055172
0.00096969
0.0043609
0.0032525
0.00063596
0.00053389
0.001179
0.0014166
0.0011901
0.001279
0.0022125
0.0031504
0.0027041
0.0010601
0.0030812
0.0048134
0.0026973
0.001913
0.0030645
0.0012898
0.0031162
0.0017933
0.00064787
0.0019059
0.0025621
0.0017452
0
0.00066026
0.0067443
0.0022048
0.00012587
0.00027479
0.00067167
7.7691e-05
0.00084842
0.0012051
0.0020605
0.0010049
0.00061918
0.0040571
0.001119
0.00091627
0.0017714
0.0022881
0.001419
0.0034981
0.0022136
0.0010958
0.0039409
0.002825
0.0019041
0.0014143
0.0014419
0.0032242
0.00077956
0.00080365
0.0022196
0.0027114
0.0015344
0.0064253
0.001528
0.00033714
0.00020947
0.00055767
5.242e-05
4.4549e-05
0.0013302
0.0004683
0.00074866
0.0010794
0.0024428
0.0027634
0.002746
0.0013434
0.0033404
0.0022067
0.0028021
0.0021617
0.0033495
0.0065992
0.0016927
0.0029037
0.0036983
0.0032342
0.0019796
0.0021023
0.0069798
0.0042424
0.0016248
0.0017872
0.0013507
0.0028031
0.0043182
0.003689
0.00078767
0.0026849
0.0013766
0.0011356
0
0.00048515
0.0018673
0.0045571
0.0033993
0.00047272
0.00089586
0.00052042
0.00072248
0.00072895
0.0029957
0.0040459
0.0021881
0.0035251
0.0016512
0.0016412
0.00035157
0.0010317
0.0025418
0.0019664
0.0029994
0.0016237
0.0016542
0.00022642
0
0
0
0
0
0.00035332
0.00045325
0
0
0
0
0
0
0
0
0
0
0
0
0.00013509
3.3924e-05
3.8313e-05
0.00062354
0
0.00077913
0.0019936
0.00018819
0.00020658
0
0
0.00056653
0.00042384
0.00059571
0.0013095
0.00011656
0
0.0011684
0.0020837
0.00063935
0.00022986
0.00020293
0.00056096
0.0015167
0.00053127
0.00086012
0.0006567
0.00060797
0
0.00083051
0.00018683
0.00061351
6.6537e-05
0
0.00029268
0.00067815
0.0003314
0.00025196
0.00019268
0.00041277
0.00052947
5.5784e-05
0.00033819
0.00063934
7.7691e-05
0.00040734
0.0012027
0
0
0.00014802
0.0003119
7.8492e-05
0
0.0044328
0.00011099
0
0
0
0
0
0.00071053
0.0024472
0.00087041
9.4533e-05
7.7008e-05
0
0.00011072
0
0.00093528
0.00085649
0.00038845
0.00027502
0.00011521
0.00095764
0.001079
0
6.5558e-05
0.00056382
0.00014545
0
0
0.00018748
0.00068689
0.00041348
0.00025789
0.00079573
0.00071254
0.00059226
0.00052879
0.00069618
0.0010211
0.00053943
0.0014065
0.00065533
0.00053914
0.0017624
0.0011347
0.00075975
0.00036502
0.00055772
0.00019063
0.00070552
0.00024169
0.00027995
0
8.4636e-05
0.00087402
0.00097111
0.0010888
0
0.00055145
0.0014963
0.00035057
0
0
1.9982e-05
0
0
8.0658e-05
0.0032714
0.00121
0.00012587
0.00027479
0.00057176
7.7691e-05
0.00049051
0.00060622
0.0014118
0.00057894
0.00029827
0.0016002
0.00059231
0.00015614
0.0001416
0.00027349
0.00046005
0.00010731
6.0627e-05
0.0014604
0.00039389
2.0844e-05
0.0001934
0.00055373
0.00034526
0.0011647
0.0003979
0.00040602
0.0018725
0.0011093
0.00031154
0.00026304
0.00043763
0.00037482
0.00012661
0.00014956
0.00038048
0
0.00078321
9.1158e-05
0.00054953
0.0011674
0.00026186
0
0.00061134
0.00094361
0.00023205
7.0646e-05
0.00039582
0.0002667
0
0
0.00018221
0.00010144
0
0
0
0
0
0
0
0
0
0.000288
0.0020115
0.00048495
0
0
0
0
0
4.8462e-05
0
0.00041696
6.8963e-05
0.0010226
6.75e-05
0.00015043
0.00030094
0.00016306
0.00015796
6.1013e-05
9.7222e-05
0
0.00016519
0.00049265
0.00081536
0.00068322
0.00067066
0.0014656
0.00082823
0.0002795
0.0016128
0.0012447
0.00054529
0.00025273
2.6764e-05
0.00039889
0.00087741
0.00035813
7.5157e-05
0.00044241
0.0011644
0.0015157
4.7607e-05
0.0004755
0
0
0.00053165
0.001812
8.5944e-05
0.00018622
0.00061455
0.0013298
0
0.00029486
0.0010523
4.011e-05
2.6764e-05
3.1031e-05
0
0
0
0
0
0
0.00013578
0.00099929
0.0008775
0
0
0
0
0
0.00043363
0.00027758
0.00043412
0.00014507
0.00016117
0.00028738
0.00050998
0.00016711
0
3.065e-05
2.6098e-05
0
0.00086069
0.00022841
9.7527e-05
0
0.00172
0.00025068
1.4539e-05
0.00040464
0.00096372
0.0010837
0.00017863
0.00051912
0.00026049
6.5916e-05
0.00022082
0.00056598
0.00093276
5.6724e-05
0.0003862
0.00060949
0.00034309
0.00073612
0.0010047
0.0015533
0.0033097
0.0004238
0
0.00013529
0.00050979
0.00032927
0.00052775
0.00016724
0.0012037
0.0027463
0.00011751
0.0004541
0
0.00046401
0.00013181
0.00016366
0
0
0
4.4549e-05
0.00057457
0.0045144
0.00016452
9.2524e-05
0.00020947
0.0001623
5.242e-05
0
9.1489e-05
9.7473e-05
0.00059208
0.00056082
0.00041247
0.00099951
0.0007602
0.00039231
0.0003232
0
4.1122e-05
0.00023105
0.00059282
0.0009707
0.00060768
0.00015929
0.00081073
0.0013396
0.001886
0.00054321
0.00068162
0.0040982
0.00098537
0.00086155
0.00035522
0.00056464
9.4244e-05
0.00061384
0.00065949
0.0011706
0.00034689
0.00083212
0.0013301
0.00043901
0.00016987
0.00010557
0.0017488
0.00064184
0.00076367
0.00018448
0.0010141
0.0013868
0.00057276
0.00021315
0.00024121
0.00071321
0.00029258
0.00050173
0.00019266
0.0007259
0.0014216
0.00045547
9.1683e-05
0.00028037
0
0.00086235
0.00079724
0.001451
0.0017273
0.0021849
0.00046542
0.00015156
0.00027573
0.00014187
0.0004322
6.8444e-05
0.00036277
0.0011984
0.0020175
0.00026015
0.00031584
0.00070933
0
0.00036342
0.00021697
0.00037266
0.00023249
0
0.00086015
0.00027225
0.00035972
0.00027728
0.00016475
0.00013726
0.00052202
0.00060168
0.00049169
0.00063843
0.00049192
0.00034722
0.00080185
0.00051371
0.00025258
0.0012457
0.00045349
0.00042324
0.00061394
5.5256e-05
0.00013371
0.0010761
0.00094169
0.00034946
0.00126
0.00040599
0
3.4439e-05
0.00015529
0.00058215
0.0018372
0.00061697
8.6285e-05
0
0.001097
0.0011522
0.00069661
0.0009536
0.00023056
0.0014186
0.00072591
1.0837e-05
0
0
0
0
0
0
0
0
0
0
0
0.00088219
0.00096645
0
0
0
0
4.9895e-05
0.00054868
0.0018756
0.00043184
0.00036337
0
0
0
0
0.0016828
0.0021513
0.00049715
0.0014361
0.00016237
0
0
0
0.0011322
0.0017353
0.0006139
0.00046651
0.0006747
0.00044628
0
0.00030131
0.00048144
0.00016858
0.00050522
0.00042057
0
0
0
0.00063111
0.0013513
0
0.00023496
0.0004301
0.00035827
0
