0.023905
0.035043
0.044765
0.026032
0.023064
0.038828
0.038221
0.023984
0.0058894
0.011032
0.014285
0.0048639
0.0059647
0.011706
0.007895
0.0039119
0.0057133
0.0058978
0.0087019
0.0093146
0.0053858
0.0083757
0.0080672
0.0097053
0.0050456
0.011908
0.012333
0.0051259
0.0045619
0.0071229
0.0094133
0.0053716
0.0072567
0.0062049
0.0094455
0.0067279
0.0071518
0.011623
0.012846
0.0049953
0.0011261
0.0039165
0.005371
0.00095274
0.0011942
0.0022528
0.0020314
0.00063866
0.0026154
0.0015951
0.0010784
0.0013418
0.001366
0.0037751
0.0017056
0.0017671
0.0013315
0.0012572
0.0031587
0.003297
0.0013495
0.0016324
0.0013071
0.001138
0.0019682
0.0014281
0.001278
0.0012763
0.002348
0.0035605
0.0013643
0.0010861
0.0010781
0.0035448
0.0054193
0.0013845
0.0005909
0.0032764
0.0036526
0.0010174
0.00094992
0.001584
0.0017906
0.00098565
0.0026968
0.0022887
0.00043962
0.00039956
0.0015811
0.0011426
0.0014922
0.0020757
0.0011213
0.0009406
0.0039593
0.0036895
0.00090931
0.0022867
0.0031104
0.0026165
0.00065682
0.0021149
0.0013747
0.0038808
0.0018047
0.0028715
0.0013886
0.00069491
0.0012486
0.00212
0.0026762
0.0010351
0.0010328
0.0026089
0.0022279
0.0010006
0.00094145
0.00052106
0.0022895
0.0018497
0.0022374
0.0011869
0.00079739
0.001296
0.0027631
0.0041813
0.0011292
0.0012204
0.0012844
0.0018581
0.0024183
0.00089014
0.0022905
0.0022092
0.0021647
0.00041226
0.00058724
0.0034249
0.0044814
0.0020848
0.00098143
0.0023838
0.0023194
0.0008499
0.0015061
0.0025651
0.0036021
0.0013604
0.0011571
0.0021222
0.0020007
0.0014026
0.0023734
0.0021815
0.0018738
0.0011066
0.00087171
0.0025353
0.003725
0.0015916
0.0012322
0.0011298
0.0044908
0.00344
0.0010781
0.0028037
0.0056162
0.001825
0.00012867
0.001044
0.0014417
0.00021506
0.00024859
0.00037734
0.00042175
9.2377e-05
0.00013638
0.00031291
0.00062324
0.0002675
0.00023144
0.00019056
0.00023975
2.5101e-05
0.0002371
0.000782
0.00092405
0.00030967
0.00012277
0.0015448
0.00044061
0
0.00026537
8.9198e-05
0.00032219
0.00031467
0.00022379
0.00039061
0
0.00017786
0.0005779
0.0004967
0.00046214
0.00035763
0.00055343
0.00029949
0.00021947
0.00011544
0.0002097
0.00021213
0.000531
0.00094989
0.00013657
9.8478e-05
0.00022429
0.00058491
4.4705e-05
0.00021418
0.00051637
0.00025233
0.00025478
0
0
0
0.00027701
0.00034724
7.6072e-05
0.00012585
0.00050264
0.0011343
0.00034738
0.00030479
6.2084e-05
0.000996
0.0014338
0
1.4636e-05
0.00099089
0.00091036
5.0828e-05
0.00075627
0.0010461
0.00090256
0.00026124
0.00069952
0.00067594
0.00038198
0.00047036
0.00072797
0.00070674
0.00031939
0.00059757
0.00034815
0.00033067
0.00098951
0.0011955
0.001292
0.00053468
0.00022997
0.00022129
0.00041992
0.0014176
7.6218e-05
0.00029999
0.00054284
7.803e-05
0.0003902
0.00057765
0.00048369
0.00085814
0.00088885
0.00028157
9.627e-05
0.00047038
0.0011235
0.0012418
0.00036047
0.00019442
0.00014033
6.9707e-05
0.00089935
7.9898e-05
0.00051218
0.0003533
0.0003993
0.0010548
0.00062341
0.00051623
0.00066714
0.00072853
0.0005646
0.00046294
0.00088682
0.0012883
0.00032373
0.00039693
0.00030266
0.0009648
0.0012726
0.00034417
5.3247e-05
0.00073965
0.00056045
0.00030409
0.00023331
0.00020088
0.0017037
0.00027255
0.00015847
0.00028093
0.0010137
0.00032209
0.00010619
0.00077
0.00079329
0.00036101
0.0013184
0.00078112
6.2963e-05
0.00016147
0.00037545
0.00031369
0.00064522
0.00034986
0.00038511
0.0010005
0.0002136
0
0.00051921
0.0005038
0.0011178
0.00062212
0.00040849
0.00053909
0.0018128
0.0013034
7.0053e-05
0.00012802
0.0003154
0.000398
0.00033008
0.00027826
0.00042431
0.00027654
0
0.00012867
0.0012038
0.00084481
0.00013222
9.2418e-05
5.8243e-05
0.00032224
0.00022289
0.00036833
0.00052384
0.00063685
0.0004026
0.00036156
0.00050413
0.00029109
0.00033562
0.0013601
0.0016106
0.00014347
0.00011446
0.0010531
0.001056
3.3751e-05
0.00017143
0.00065512
0.00095795
0.00062173
0.00014545
0.00099412
0.00090779
0.00022828
7.0886e-05
0.00016628
7.0548e-05
0
0.00099288
0.00062585
0
0
0.00024929
0.00024194
9.4321e-05
0.00024018
0.00011972
0
0.00019675
0.00023369
0.00037712
0.00020652
0.00032437
0.00092946
0.00029443
0.00017878
0.0013471
0.00086625
0.00072811
0.00039639
6.6983e-05
6.1073e-05
0.00015504
0.00012634
0.000321
0.00059403
0.0003766
0.0013947
0.00050308
0.00064492
0.00015419
0
8.3341e-05
0.0017964
0.00027267
0.00028794
0.00077207
0.00081921
0.00016575
0.00063322
0.00031116
0.001588
0.00032356
0.00018588
0.00010806
6.5484e-05
6.5108e-05
7.6109e-05
0.00027248
0.00011039
0.00031746
0.00085188
0.00056438
0.00025317
0.00027255
0.0006533
0.0011963
0.00011032
0
0.0001704
0.00019577
0.00014762
0
0
0.00068381
0.00030162
3.5498e-05
0.00017258
0.00010912
0.00022905
0.00063894
0
0.00022101
1.5875e-06
0.00091335
5.5835e-05
8.2988e-05
0.00044327
0.0010287
0.00025309
0.00064093
0.0013182
0.00019857
5.2412e-05
0.00025095
0.00036521
0.00033986
0.00018884
0.00019058
0.00010007
4.7573e-05
0.00026184
0.0017457
0.00050298
0.0013405
0.0002457
0
0
0
0.00035313
6.1913e-05
0.00011874
0.0010034
0.00099146
0.00081956
0
0
0.00097953
0.00024791
4.3347e-05
2.4849e-05
0.00031517
0.00082969
0
0.00042851
0.00078497
0.00013131
0.00023763
0.00067777
0.0010635
0.00032738
0.00029127
0.00032229
0.0012649
0.00082857
0.00030785
0.0001433
0.00043757
0.00075115
0.0013358
0.00023809
0.00028419
0.00042873
0.00023392
0
8.3489e-05
0.00047346
0.00020449
0.00071714
0.0014212
0.00087834
0.00039314
0.0013092
0.0026831
0.00012561
0.00034229
0.00026618
0.00040711
5.1122e-05
9.2745e-05
0.00025218
0.00034511
0.00017204
5.545e-05
0.00098058
0.00049826
7.0437e-05
0
0
0.00019735
0.00045895
0.00030223
0.00016074
0.00045317
0.00053896
8.8589e-05
0
0.001234
0.00010748
2.7035e-05
5.7524e-05
0.00092778
0.0017517
0.00046324
0.00017211
0.00077836
0.00051327
0.00019411
0.0011977
0.00039172
0.00081422
0.001249
0.00074189
0.00034013
0.0005394
0.00080686
0.00091976
0.00042777
0.00017969
0.00059375
0.00059228
0.00042162
0.00017559
0.00012255
0.00023125
0.00027459
0.001585
0.00057468
4.9824e-05
0.00067188
0.00061324
0.00060902
0.0010004
7.0139e-05
0.00028608
0.00020092
0.00016074
0.00088466
0.00049179
0.00040001
0.00075723
0.00071823
4.2745e-05
0.00017621
0.00023971
0.00012103
0.00016555
0.00010077
0.00065181
0.00036878
0.0021412
0.00084282
0.00047194
0.00081618
0.0019608
0.00035652
7.909e-05
0.00074653
0.00075722
0.00040563
0.00035298
0.0011997
0.0016376
0.00052189
0
0.00079188
0.00064172
5.5382e-05
6.4486e-05
0.00045416
0.00023449
0.00021069
2.4284e-05
0.0013316
0.0012618
0.00011116
2.3185e-05
0.00062232
0.00097464
0
0
0.00084655
0.000579
3.9815e-05
6.4946e-05
0.00047999
0.00058541
2.2112e-05
0.00050911
0.00074916
0.00089537
0.00012342
0.00018981
0.00040882
0.00066132
0.00077564
0.00045874
0.00023004
0.00045732
0.0004738
0.00018038
0.00050943
0.0004963
0.00071577
0.00029157
0.0005841
0.00088937
0.00034336
0.00010158
0.001377
0.0017248
0.00019903
6.0514e-05
0.00027463
0.00083063
0.0012783
0.00018846
0.00015279
0.00044611
0.00012686
0
0.00035628
0.00043833
0.00061722
9.5898e-05
0.00041582
0.0022071
0.00098249
