0.025979
0.036203
0.034054
0.025126
0.027652
0.039551
0.037275
0.029313
0.0051297
0.0094223
0.010242
0.0087623
0.0073747
0.013154
0.016205
0.0074563
0.0087169
0.0099122
0.0078663
0.0070441
0.0070781
0.0064616
0.0088183
0.0063398
0.0071403
0.010321
0.01032
0.0061791
0.0094949
0.010977
0.0083712
0.01087
0.0049925
0.0065476
0.0056259
0.0031406
0.0037046
0.0089577
0.0038808
0.0046472
0.0013793
0.0033699
0.002433
0.0017862
0.0028627
0.0032914
0.0059751
0.0029339
0.0011833
0.0013379
0.0040311
0.0042838
0.0020923
0.0021121
0.0025317
0.00082333
0.0011366
0.0017456
0.0018305
0.0021638
0.0017435
0.0019411
0.0017129
0.00065374
0.0027495
0.0018409
0.001819
0.0019457
0.0035851
0.00252
0.0011413
0.0011614
0.00086809
0.0041561
0.0033319
0.0012362
0.0015317
0.0032215
0.0036478
0.0016216
0.0012237
0.0004602
0.00028091
0.0012041
0.00070825
0.0044567
0.003686
0.0020388
0.00099182
0.0032457
0.0024437
0.0012387
0.00065233
0.00042537
0.0023377
0.0014885
0.0040626
0.0030218
0.0010782
0.001811
0.00095498
0.001521
0.0036263
0.0029709
0.0017054
0.0029158
0.002777
0.0022082
0.0040193
0.0052469
0.00136
0.0020987
0.0019991
0.0034186
0.0014047
0.00025308
0.00046329
0.0018741
0.003104
0.003359
0.0025118
0.0025425
0.0023804
0.00047719
0.00052755
0.0038978
0.0010989
0.0025627
0.00051149
0.0010152
0.00071743
0.0012445
0.0007438
0.0012086
0.00089986
0.00086128
0.0013869
0.001501
0.0037787
0.0018299
0.001756
0.0018511
0.0024991
0.0027294
0.0020966
0.002484
0.0022642
0.001761
0.0032947
0.0020054
0.0017376
0.0022769
0.0011698
0.0010781
0.0017345
0.00096066
0.0006513
0.0024381
0.00086198
0.00058153
0.00072315
0.0016518
0.00080829
0.00048915
0.0016291
0.001198
0.00102
0.00047424
0.00057729
0.0013829
0.0013269
0.00087782
0
0.00028776
0.00046665
0.0003636
0.00035283
0.00031049
0
0.00053775
0.0021016
0.001861
0.00091901
0.00096223
0.00035021
0.00050154
0.0027594
0.0014247
0.0003105
0.00012601
0.0019695
0.00027121
0
0
0
0
0.0001204
0.0010217
0.00045126
0
0.00029187
0.00023995
0.00043227
0.00065351
0.00074504
0.0010529
0.00093078
0.00021379
0.00024197
0.00054336
0.0011101
0.00025062
0.00027906
0.00047114
0
0.00021881
0.00052671
0.0004584
0.00022073
0.0001595
0.00078322
0.00014937
0.00022536
3.9025e-05
0.00056729
0.00048519
0.00028797
0.00040753
0.001106
0.0003515
0.0001757
0.00043389
0.00033624
0.0011455
0.00075821
9.9703e-05
0
0.00067963
0.0020473
0.00028023
5.9784e-05
0.00044175
0.00027057
0
0.00069574
0.00041031
0.0024548
0.0013278
0.00024449
0.00012045
0.00067225
0.0012398
0.00021726
4.1666e-05
2.8611e-05
0.0002315
0.00042989
0.00071587
0.00052033
0.001788
0.0013167
0.00073307
8.2382e-05
0.0001249
0.00053587
0.00023001
0.00023275
0.00031172
0.00019103
0.00034821
0.00029961
0.00021435
0.00022558
0.00073229
0.00013196
0.00086387
0.00047596
0.00012424
5.38e-05
0.00016396
0.00011311
0.00017813
0.00061038
0.00051173
0.00051363
0.00041265
0.00081247
0.0001766
0.0010993
0.00066195
0.00055698
0.00068189
0.0011269
0.0011434
6.953e-05
0.00028942
0.00020934
0.00095774
0.0010843
8.4176e-05
0.0001553
0.00046614
0.00024595
0
5.3136e-05
0.00021034
0.00027021
0
0.00028959
0.00016072
0.00047572
7.7851e-05
0
0
0
0
0.00027343
0.0006472
0.0020266
0.0011593
0
0
0
0
0
0
0
0
0.00034192
0.0012162
0.0012428
0.00035751
0
9.4137e-05
0.0018151
0.00091939
0
0
2.4856e-06
7.4153e-05
0.00019788
0
0
0
0
0
0.00031936
0.00035208
0.0001715
0
0
0
0.0014352
0.00049126
0.00013499
0.00017851
0.00034362
0.00093738
0.00019274
6.1916e-05
0.0001243
0.0015968
0.00076886
0.00088857
0.001006
0.0016304
0.00097113
0.0009731
0.00034677
0.0010876
0.0011672
0.00026342
0
0.00060369
0.001332
0.0005706
0
0.00011234
0.00010903
0.00023226
0.0001224
0.0038963
0.0011245
0.00018069
0.00098984
0.00030927
0.00017189
0.00075322
9.2653e-05
0.00015505
9.7447e-05
0.0006988
0.00066848
0.00012932
3.5371e-05
0.00064904
0.00067422
0.00033123
0.00041261
0.00050295
0
0
0
0
0
0
0
0
0.0015384
0.0032014
0.00088335
0
0
0
0.00061718
0.0024674
0.00051894
0.0011591
0.00023428
0.00087829
0
0.00041329
0.0028164
0.00037094
0.00032729
0.0012312
0.00051128
0.00044906
0.00050203
0.0008463
0.00065659
0.00025023
5.3455e-05
0.00077197
0.0004263
0
0.00045673
0.00064224
0.00027553
0.00012149
5.033e-05
0.00011575
5.5857e-05
0.00019994
0.00025485
0.0010919
0.0026626
0.000589
0.00065707
0.00042974
0.00028557
0.00021858
0.00020844
0.00010344
0.00010163
0.00052739
0.00074929
0.0013217
0.0013155
0.00063515
0.00042751
0.001986
0.00043359
0.0017695
0.0010513
0.00037972
0.00020956
0
0.00010004
0.00025224
0.00021233
0.00010105
0.00015614
7.6045e-05
0.0012633
0.0011206
0.00063468
0
0
0
8.8564e-05
4.5016e-05
0.00018245
0.00012393
0.00010911
0.0015336
0.00055119
0.00014468
0.00036346
0.00058533
0.0011974
0.0016499
0.00034206
0.0010467
0.00069138
0.0010368
0.00081428
0.00049795
0
0
0.0026576
0.0020964
0.00012846
0.00059865
0.00059091
0.001671
0.0006644
0
0
9.9502e-05
0.00022423
0.0015528
0.0007817
0.00086874
0.00013447
0
0
0.0003242
0.00046515
0.00068978
0.00066219
0.0008763
0.00061516
0
0
0.0018923
0.00067748
0.00032936
0.00010813
0.00017361
8.4107e-05
0
0
0
0.00012407
0.00036057
0.00018966
0.00028218
0
0
0
0
0
6.1077e-05
0.00012893
0.00049246
0
0
0
0
8.8786e-05
0.00037991
0.00037398
0.00059075
0.0016965
0.00060948
0.00092219
0.0007914
0.00032833
0.00070133
0.00028601
0.00073391
0.00056165
0.00043124
0.00057435
7.2147e-05
0.00050816
0.00087465
6.3977e-05
5.4286e-05
0
0.00027034
0.0014077
0.00091519
0.0003349
0.00015125
0.00032554
0.00070945
0.00095266
0.00052361
0.00072205
0.00036952
0.00035992
8.0158e-05
0
0
0
1.7576e-05
5.4144e-05
0.00016569
0
0
0.00062053
0.0001394
0.00018342
0
7.9246e-05
0.00021176
0.00017476
0.00027501
5.3611e-05
0.00051447
0
0
0
0
2.1164e-05
4.8151e-05
0.00039149
0.00012557
7.4684e-05
2.6364e-05
0
0
0
0.00015614
0.00051955
5.5239e-05
0.00070374
0.00049826
0.00020651
0.00033974
0.0011057
0.0010139
0.00023981
0.00025577
0.0010503
9.2503e-05
0.00010133
0.001155
0.00011505
0
0.0016276
0.00092048
0.00055542
0.00026789
0.00090574
0.00029656
0.00063223
0.0010933
0
0.00054178
0.00064776
0.00032048
0.00041795
0.00035769
0.00039572
0.00056487
0.00033398
0.00031495
0.00012719
0
0.00017081
0.00085051
0.00011814
0.00018622
2.7342e-05
0.00021492
0.00056594
0.00054138
4.3088e-05
0.0003378
0.00041958
1.893e-05
0
3.4665e-05
0
8.7879e-05
0.001157
0.00040334
0.00053112
0.00017589
7.7214e-05
0.00078893
0.00042212
0.00017825
0.00020942
0.00032813
0.00030163
5.594e-05
