0.024743
0.033662
0.039843
0.037884
0.028274
0.031891
0.031317
0.023372
0.0052868
0.0040082
0.013263
0.0062634
0.0046129
0.0039768
0.003572
0.0040741
0.010487
0.014871
0.015293
0.015674
0.01083
0.013681
0.018618
0.012435
0.0053872
0.0089986
0.0029504
0.0091394
0.0059071
0.0017521
0.0026268
0.0049692
0.0035827
0.0057848
0.0083367
0.006807
0.0069243
0.01248
0.0064993
0.001894
0.0032848
0.001311
0.0016824
0.00047985
0
0
0
0.0013484
0.0016663
0.0016228
0.0047323
0.00050308
0.0013433
0.0021754
0.0024075
0.0026407
0.0017442
0.0013485
0.002791
0.0019008
0.0029936
0.0029505
0.00066731
0.00044607
0.00098665
0.0029212
0.0014828
0.0041583
0.00111
0.0013304
0.00081322
0.0031553
0
0.00040641
0.0051254
0.0028298
0.00056846
0
0
0
0.00033564
0.00060834
0.00095727
0.0021906
0.0025817
0.001662
0.0010462
8.4923e-05
0.0011888
0.0087343
0.0071702
0.0034804
0.002291
0.0021747
0.0083387
0.003081
0.006567
0.0019262
0.0040627
0.0062198
0.004385
0.0067983
0.0089175
0.0055743
0.0014251
0.0036785
0.00098406
0.00018424
0
0
9.8e-05
0.00027313
0.0013057
0.0026761
0.00095795
0.00065547
0.00030634
0.0012546
0.0013449
0.0022857
0.0026193
0.0035733
0.0053763
0.0010737
0.0020518
0.0073007
0.0050957
0.0013711
0.00057976
0.0019659
0.0021459
0.0017565
0.0016789
0.0034068
0.00083938
0.00035532
0.0020612
0.0017959
0.00088982
0.0031908
0.0012235
0
0
0.00060213
0.00059516
0.00084813
0.0001186
0.0050031
0.0043772
0.00049751
0.0011839
0.001643
0.0003837
0.00024557
0.00092401
0.0038211
0.00065169
0.00079519
0.00034286
0.00033276
0
0
0.00017473
0.00043602
0.0024948
0.0015445
0.0002214
0
0
0
0
0
0
0
0
0
0
0.00014209
8.3865e-05
0
0
0
0
0
0.00059193
0.00043964
0.0015367
5.8848e-05
5.5088e-05
0
0
7.3908e-05
0.00015138
0.00065606
0.001492
0.0003761
0.00063874
0.0010281
0.0016652
5.3443e-05
0.00015939
0.00033749
0.0022894
8.1271e-05
0.0011936
0.0017963
0.00015718
0.00013423
0.00051656
0.00035496
7.195e-05
0.00070363
0.0014354
0.00041237
0.00023874
0.00010923
8.8222e-05
0.00078636
0.00053419
0.0018532
0.00046495
4.3087e-05
7.7906e-05
0
0.00019542
0.00033553
0.00012072
0.00054809
0
0.00013316
0.00011944
0.00097098
0.00016055
0.00060939
0.00046322
0
0
0
0
0
0.0029325
0.00050064
0.00071633
0
0
0
0
0.00097696
0.00074623
0
0
0
0
0
0.00023095
0.0027448
0.0002037
0.00035368
0.00020817
6.8127e-05
0.00016712
0.00075573
0.00051133
0
0.00035925
0.00054772
0.00050938
0.00013474
0.00014405
0.00010435
0
3.6345e-05
0.00059897
0.00023508
0.0006454
0.00070284
0.00046079
0.00063745
0.00027139
0.00016627
0.00059425
0.0014219
0.00026165
0.00018942
0
0.00044662
0.00042674
0.00024023
0.00016879
0.00043145
0.00060405
0.0014883
0.00064501
0.00047864
0.00018914
0.0013504
0
0
0.00062571
0
0
0
0
0
0
0.00021388
0.003734
0.002728
0.00021015
0
0
0
8.4501e-05
4.9272e-05
0.001468
0.0017242
0.0030562
0.00084009
0.00069498
0.00014
0
0.00048938
0
0
0
0.0011023
0.00035122
0
0.00092364
0.00279
0.0034637
0.0021561
0.00043096
0.0010357
0.007345
0.0022545
0
0
0
0
0
0
0
0
0.0058578
0.00058118
0.00061851
0.000584
0.00075368
0.00065045
0.0011925
0.0044072
2.535e-05
0.00012187
0.00037547
0.00059143
0.00054172
0.00016089
0.00012651
0.00014949
0
0
0
0
0
0
0
0
0
0.00019253
0.0009499
0.0004758
4.5505e-05
0
0
0
0
0
0
0
8.0387e-05
0.00011114
0
0
0.00013104
6.9681e-05
0.00016666
0.00016077
0
0
0
0
0.00030079
0
0.0011016
0.0015031
0.0016799
0.00034351
0.00055743
0.00091139
8.4501e-05
0.00056609
0.00033181
0.00010649
0.00018018
0.00047319
0.00043633
0
0
0.0063565
0.0040643
0.0006387
0.00065892
0.0021781
0.0022606
0
0.00065472
0.00022237
0.00074224
0.000294
0.00033446
0.0029735
0.0053379
0.0008265
0
0
0
0
0
0
0
0
0
0.00035023
0.00066901
0.00018424
0
0
0
0
0
0.00012926
0
0
0
0
0
0
0.00042307
0.00079853
0.00063592
0.00042223
0
0
0.00010315
0.00028706
0.0026193
0.0035733
0.0011029
0.00013723
0.00049776
0.0036325
0.0049533
0.0016226
0
0
0
0.00019311
0.00016947
0.00032227
0
0
0.00036623
0.00098855
0.0010057
0.0042301
0.0025919
0
7.7906e-05
0.00021094
8.8827e-05
0.00011739
0.0013356
0.00047132
0.00052305
0.0036508
5.0701e-05
0.00015999
0
0
0
0
0
0
0
0
0.0011427
0.002284
0.00044388
0
0
0
9.8e-05
0.00027313
0.0011651
0.0011333
0.00023503
3.826e-05
0
0
8.6999e-05
0.0006089
0
0
8.6999e-05
0.00019498
0
0.0008963
0.00067595
0.00087449
0
0
0.0041728
0.00078518
0.0014811
0.0037708
0
0
0
0
0
3.6345e-05
0.00020988
0.00025571
0
0
0.00021352
0.00078506
0.00029646
0.0008376
0.00011739
0.00024087
0.00071077
0.0001711
0
0
0
0
0
0
0
0
0
0.00052349
0.00041511
0
0
0
0
0
0.0017728
0.0023167
0.00047472
0.0029373
0.0012235
0
0
0.00060213
0.00088358
0.0014631
0
0.0034442
0.0029557
0.00019862
0.00032572
0.001643
0
0
0
0.00066324
0.0011928
0.00029889
0.001337
0.00020219
0
0
0
0
0
0
0
0
0.0003837
0.00024557
0.00025555
0.00035318
4.35e-05
5.8848e-05
0.00048527
0.00033276
0
7.4868e-05
0.00023358
5.3443e-05
0.00013898
0
0
0
0
0
0
0
0.0018163
0.00086583
0
0
0
0
0
0
0
0
0
0
0
0
0
0
0
0
0
0
0
0
0
0
0
0
0
0
0
0
0.0001186
0.00081239
0.00022869
0
0
0
0
0
0
0.0022424
9.6346e-05
0
0
0
0
0
0.00066847
0.0013649
0.00051184
0.00028568
0
0
0
0
0
0.00063341
0.00070047
0.0012901
0.0002214
0
0
0
0
0
0
0
0
0
