0.035693
0.02993
0.032774
0.035114
0.03008
0.02564
0.030355
0.03166
0.0089912
0.0084778
0.012136
0.010851
0.0075572
0.0078082
0.011718
0.011415
0.0088625
0.0068341
0.0071238
0.0090472
0.0086243
0.0045278
0.0062532
0.010034
0.013579
0.011488
0.011718
0.01021
0.0080077
0.010008
0.011148
0.0089146
0.0042603
0.003131
0.0017957
0.0050055
0.0058912
0.0032961
0.001235
0.0012963
0.00087322
0.00043838
0.0024657
0.0020826
0.00059915
0.00090493
0.0021186
0.0017875
0.0017545
0.002659
0.001832
0.0014317
0.0021068
0.0018328
0.0012526
0.0024255
0.0014642
0.00092744
0.00076711
0.0010453
0.0015059
0.0010237
0.00081647
0.0012555
0.00084263
0.00030998
0.00044466
0.0026976
0.0010267
0.00032873
0.0004152
0.0011004
0.00095156
0.0011466
0.0041086
0.0019009
0.0017326
0.0018938
0.0022789
0.0019129
0.005085
0.0041052
0.0034396
0.0050274
0.0028246
0.0030094
0.0056035
0.0052891
0.0041445
0.0031943
0.0027246
0.0034391
0.0040808
0.0024566
0.0021814
0.0045107
0.0026304
0.0024219
0.0031838
0.0013286
0.0015305
0.00068271
0.0030662
0.003142
0.0024738
0.0024549
0.0021745
0.0030014
0.0018327
0.0030661
0.0019597
0.0015916
0.0066918
0.005014
0.0060506
0.0041972
0.0036885
0.0045419
0.0067631
0.0044717
0.001787
0.0012168
0.00042825
0.00057796
0.0023697
0.0012896
0.00047188
0.00036342
0.0014877
0.0013934
0.00062843
0.00048607
0.0017026
0.0016148
0
0.00061069
0.0028491
0.0026917
0.0014938
0.0011675
0.0011741
0.00088259
0.00059827
0.00098814
0.0016538
0.0012873
0.0022059
0.0022166
0.0013421
0.0014488
0.0018461
0.0018154
0.00083983
0.00056836
0.00082632
0.0026536
0.0013555
0.00063248
0.00098273
0.00036999
0.0001458
6.1473e-05
0
0.0016764
0.0012081
0
0
0
0
0
0
0
0
0
0
0
0
0
0
0
0
0
0
0
0.00017617
2.6101e-05
0
0
2.4275e-05
3.6491e-05
3.1512e-05
0.00026167
0.00020691
0
0.00021902
0.00026677
0.00038317
0.0001693
5.3435e-05
0.00030278
0.00035312
5.938e-05
0.00012912
0.00018034
0.00028291
0.00012696
5.0034e-05
0.00018631
0.00043147
0
0
0.0002999
0.00033919
0
9.7866e-05
0.00023449
5.4674e-05
0
2.8926e-05
0.00047273
0.00012177
0
0
0.00052174
0.00056313
3.3124e-05
4.9775e-05
0.00064096
3.9409e-05
0
0
0
0.00072475
0.00028616
0.0011818
0.00034411
7.2534e-05
0.00027848
0.0005016
0.00080456
0.00014846
0.00012612
0.0010471
0.001577
0.00039488
0.0005853
0.0012348
0.00098296
7.2265e-05
0.0017913
0.00086475
0.00064214
0.0011239
0.00017475
0.00046568
0.00059072
0.0012694
0.00086767
0.00051903
0.00041977
0.00064906
0.0010655
0.00073822
0.0011799
0.00016535
0.00026801
0.00028751
0.0003186
0.00031791
0.0004807
0.00026706
7.9723e-05
0.00049502
0.00060005
0.00031255
0.00016937
0.00032779
0.00038443
0.00043854
0.00032742
8.7931e-05
7.5315e-05
8.2115e-05
0.00063205
0.00050907
0.00034398
0.00021134
0.0005696
0.0001859
0
4.8476e-05
0.00084862
0.00056813
4.7052e-05
0.00010229
0.00033892
6.2842e-05
0.00047918
0.0016927
0.00036118
0
0.00012829
0.00017825
0.00011927
0.00014464
0.000145
0.00047001
0.00082024
0.00084677
0.00073757
0.00058804
0.00061208
0.0014927
0.00084403
0.0010249
0.00073704
0.00041018
0.0011515
0.00075682
0.00089735
0.00056782
0.0011666
0.0010856
0.00074085
0.00066374
0.00069377
0.00085434
0.0009577
0.00048117
0.00040105
0.00022145
0.00053165
0.00075019
0.0010632
0.00058035
0.00013838
0.0017924
0.00039531
0.00060441
0.0018013
0.0014303
0.00018398
0
0.0023631
0.00075053
0.00080594
0.00037069
0.0015281
0.0010351
0.00018738
0.00055604
0.00047118
0.00062057
0.00023428
0.00018822
0
0
0
0.00013042
0.00048388
0
0
0.00028246
0.00019164
0
0
0
0
0.00052819
0.00036657
0.001834
0.00052147
0.00035861
0.00083819
0.0011566
0.0011815
0.0015511
0.0013113
0.00053597
0.0013493
0.00048674
0.00091922
0.0031219
0.0022137
0.0015144
0.00059157
0.00074902
0.001482
0.00098862
0.00029291
0.00088585
0.00083747
0.0011282
0.00055771
0.00015015
0.00069149
0.00062603
0.00079486
0.0010408
0.0012172
0.00069732
0.0019119
0.001541
3.4848e-05
0.0006141
0.00019073
0.00065153
0.00089587
0.0010627
0.00028824
0.0008593
6.2139e-05
0.00034895
0.0001707
0.0016678
0.0017464
0.00023027
0.00083588
0.0015523
0.00014407
0.00014864
0.00025101
0.0010878
0.00061254
0.00019903
6.5057e-05
0
0
3.7371e-05
0.00062191
0.00023908
0.00021987
0.00068932
0.00067529
0.0012698
0.0019849
0.0016152
0.00055542
0.0005456
0.00043163
0.00071406
0.00068929
0.002364
0.0014719
0.0012664
0.0018106
0.0020354
0.0011152
0.00119
0.0016171
0.00057938
0.0012009
0.00078165
0.00099574
0.0013013
0.00054049
0.00019357
0
0.00024819
0.00016312
0.00099143
0.00054775
0.00049568
0.00026173
0.0011449
0.00059935
0.00032808
0.00079596
0.0010547
0.00050349
0
0.00017878
0.0015248
0.0014253
0.00038598
0.00066287
0.0019692
0.0014641
0
0.00049015
8.5471e-05
0.00018003
6.5171e-05
0
0.00021055
0.00086734
0
4.4674e-05
0.0001226
6.01e-05
0
0
0
0.0015088
0.00080664
0.00011996
0.00083599
0.0013219
0.00075282
0.00084468
0.00056186
0.00012402
0
0.00080075
0.0027577
0.0017157
0.0013575
0.00044797
0.00095949
0.00098335
0.0012037
0.0015219
0.0017567
0.00098477
0.0017368
0.001008
0.00041917
0.0005559
0.0018909
0.00083322
0
7.9084e-05
0
0
0
0.00014584
0
0
0.00025378
0.00040897
0.00019337
0
0.00095764
0.00021101
0
0
0.00012359
0.00012933
0.00017333
0
0
0
0
7.5869e-05
0.00011386
9.8171e-05
0.00012845
0
0
0
0
0
0.00057235
0.00038362
8.6684e-05
9.7318e-05
0
0.00037257
0.00020608
8.8266e-05
0.0023405
0.0020434
0.00058605
0.00015193
6.2842e-05
0.00033151
0.00058522
0.00073774
0.00069567
0.00028622
0.0012674
0.00061779
0.00067468
0.00085023
0.00075909
0.00089691
0.0011521
0.00086642
0.00082257
0.00075776
0.00043592
0.00026368
0.0010851
0.0010011
0.00024865
0.0001467
0
0.00058606
8.5171e-05
0.00027463
0.0008013
0.00036745
6.5362e-05
0.000124
4.7773e-05
0
0
0.00012095
2.9594e-05
4.0063e-05
0.00024449
6.1473e-05
6.522e-05
1.4563e-05
0
0
0
1.9848e-05
0
0
0
0
0
0
0
0
0.00010075
0.000347
0.00044608
0.00022606
0.00011746
4.9148e-05
1.3742e-05
0.00018157
0.00013389
4.9084e-05
0.00010947
0.00069203
0.00092104
0.00043917
0
0
0.00014565
0.00013665
0.00042074
0.0005044
0.00016473
8.2074e-05
0
0.00012647
0.00018861
0.00012192
0.00033854
0.00062131
0.00031523
0.00015785
9.6242e-05
4.5109e-05
0.00015675
6.5605e-05
0.00016528
0.00073479
0.00099711
0.00030357
0.00058615
0.0001471
0.00032396
0.00023206
0.00058176
0.0013978
0.00033859
0.00011947
0.00020787
0
0
0
0
0.00019133
0
0
0
0
0
0
0
0
0
0
0
0
