0.030925
0.035802
0.035545
0.025711
0.024968
0.037889
0.034606
0.027153
0.0063022
0.012518
0.011986
0.006234
0.0071443
0.013454
0.009338
0.0077508
0.0074838
0.0056971
0.010808
0.011881
0.0042197
0.0065773
0.0094527
0.010195
0.0059727
0.0070703
0.00818
0.0030809
0.0054063
0.0081122
0.011243
0.0058016
0.011166
0.010517
0.0045704
0.0045151
0.0081973
0.0097451
0.0045723
0.0034062
0.0010496
0.0021165
0.0037174
0.0008534
0.00071908
0.0011574
0.0020698
0.0011705
0.0017458
0.0030086
0.0021402
0.00082475
0.0020236
0.0046868
0.0011788
0.0032387
0.0015828
0.0011178
0.0025335
0.0036018
0.0020163
0.0025391
0.0012293
0.0032819
0.00054359
0.0014005
0.0013843
0.0034847
0.00089841
0.00083589
0.0018416
0.0010675
0.00096184
0.0025905
0.0024779
0.001287
0.00088259
0.003756
0.0018712
0.00073797
0.0023715
0.004488
0.0034607
0.0031529
0.0033793
0.0037406
0.0037001
0.002333
0.0049308
0.0018067
0.0028403
0.003122
0.00096782
0.0018168
0.0022395
0.0032749
0.00059998
0.0010406
0.0038977
0.0017433
0.00014491
0.0011407
0.0041424
0.0027772
0.0017703
0.0015587
0.001022
0.00040167
0.0010303
0.0023939
0.0019397
0.00041372
0.0025449
0.002767
0.0045336
0.00078892
0.0023676
0.0029416
0.004596
0.0033422
0.0033742
0.0038468
0.0013907
0.0029901
0.0034881
0.0046843
0.00097542
0.0017096
0.0030854
0.0035516
0.0005465
0.00050793
0.0035623
0.0025944
0.00084922
0.00065776
0.00060591
0.0017195
0.0022715
0.0014476
0.00064208
0.0019052
0.00073372
0.00030095
0.00079574
0.0010385
0.00025005
0.00044271
0.0010884
0.00089526
0.0039032
0.0014335
0.0015697
0.0031835
0.0026886
0.00089637
0.00076953
0.0010975
0.0027133
0.00070155
0.0032366
0.00017482
3.8574e-05
0.0001661
0.00079027
0.0015878
0.00029643
0.00057061
7.057e-05
0.00014711
0.00095471
0.00037623
0.00021404
0.00068653
0.0010288
0
0.00077574
0.00072972
0.00026035
0
0
0
0
0.00054365
0.00013779
0
0
0
0.00055392
0.0021666
0.00018938
0.00072916
0.0010345
0.0023394
0.0014215
0.00016292
0.00065485
0.00054925
0
0.00063624
0.00023961
0.00076598
0.00083046
0.00073683
0.00039771
0.00038141
0.00052598
0.002388
0.001072
0.00010372
0.0002428
0.0012813
0.00067309
0.0011618
0.00040989
0.00080572
0.00048012
0.00029806
8.3427e-05
0.0010849
3.7069e-05
0
0
0.00087812
0
0.00077459
0.00020526
0.00032082
0.00017692
0.000565
0.0011824
0.00019256
0.0001267
0.00078635
0.00062793
9.4525e-05
0.00017397
0.00035921
0.00014975
0.00018062
7.6605e-05
0.00040641
0.0017534
0.0002501
0.00033107
0.00011162
0.00079039
0.00024521
0.00035472
0.00017015
0.00060007
0.00018899
0.00016558
0.00018037
0.00019829
0.00072784
0.00021884
0.00030558
0.00011048
0.00028776
0.00049407
0.0015006
0.00065048
0.0011236
3.676e-05
3.5925e-05
0.00060691
0.000741
0.00063001
0.00086892
0.00026106
3.8377e-05
0
0.00010578
0.00089451
0.00040252
0.00036867
0.00028126
6.9103e-05
0
8.6283e-05
3.0805e-05
0.0004308
0.0007222
0.00025357
3.945e-05
0.0001054
0
0.00013883
0.00029709
0.0006648
0.0012807
2.9803e-05
0.00023145
0.0004847
0.00013194
0.00033132
0.00098516
0.00099234
0.00024243
0.0002699
0.00059801
0.0006345
0.00014824
5.8389e-05
0.00031678
0.0012206
0.00083674
0
0.0001618
0.00046298
0.00044886
0.00026441
0.00062148
0.00017525
0.0002791
0.00088957
0.001733
0.0007017
0.00025927
2.2214e-05
0.0029451
0.0015571
0.00056898
0.00052908
0.0012603
0.0012839
0.0003144
0.00035578
0.0003506
0.0004517
0.00029505
0.0001696
9.3583e-05
0.0013083
0.0012857
0
5.5791e-05
0.0013841
0.0017976
0
0.00016886
0.00014262
0.00039755
0.00027343
5.0656e-05
0.00029502
0.00083364
0
0
0.00021019
0.00038477
9.9917e-05
0
0.0001126
0.00060493
0.00032583
0
0.00066057
0.00030471
0.00038864
0.00052085
3.945e-05
0.00019098
0.00052011
0.00025959
0.00061334
8.1729e-05
0.00015031
0.0002908
6.6242e-05
0
9.258e-05
0.002248
0.00026129
9.7453e-05
0.0014675
0.00043518
0.00055735
0.0015374
0.00072985
0.00021958
0.00099322
0.00096178
0.00012475
0.0005407
0.00058556
0.00067899
0.00072614
0.00039191
0.00057718
0.00052837
0.0021971
0.0011553
0.0011465
0.0005429
0.0011034
0.0014411
0.00072252
0.00020513
0.0027042
0.00054201
0.00034409
0
0
0.00011327
0.00031401
0.0011564
0.0004041
0.00041279
0.00098436
0.0012385
0.00013007
0.0002649
0.0017031
0.0016439
0
0.0004166
0.0021755
0
0
0
0.0015471
0.00076716
0.00016114
0.00014822
2.7137e-05
4.4171e-05
3.5243e-05
0.00037566
3.8672e-05
0.00011287
0.00013951
7.2794e-05
0.00012475
4.519e-05
0
0.0017428
0.0013991
0
0.0017869
0.00091451
0.00035321
0.00015537
0.0011532
0.00018948
0.00049736
0.00095049
0.00052164
0.00020375
0.00034813
5.5106e-05
0.00036379
0.00092079
0.00042918
0.00080635
0.00056294
0.00061788
0.0011218
0.00030894
0.00023891
0.0013057
0.00034787
0.00084684
0.00026831
0.00055479
0.00056493
0.0021342
0.00039015
0.00053436
0
0.0001307
0.0019902
0.0019594
0.00015386
5.7614e-05
0.001805
0.0012222
0.00035745
0.00033643
0.000296
0.0012076
0.0002292
7.4555e-05
0.0004318
0.0019672
3.9208e-05
0
0
0.00045443
0.00019733
0.00019104
0.0004101
0.00037487
0.00035847
0
0.001232
0.0006118
0.00029613
0.00012127
0.00058494
0.00015432
0.00014351
0.00021646
0.00010682
9.0967e-05
0.00030107
0.00012363
0.00019397
0.00055652
0.0016583
0.00074108
8.7695e-05
0.0013375
0.0035065
0.00042384
0.00046501
0.00054309
0.0016512
0.00040017
0.00042885
0.00056989
0.00016513
0.00046443
0.00064507
0.0027813
0.00073645
0.00074172
0.0014273
0.0015521
0
0.0002776
0.0016359
0.00036902
2.8368e-05
2.7553e-05
0.00041229
0.0010806
0.00028102
4.096e-05
0.0015668
0.00021649
0.00015797
0.00011006
0.00038156
0
4.3565e-05
0.0002134
0.00031562
0.00023025
0.00029459
0.00021128
0.00013082
0.00062366
0.00085278
0.00010717
0
0.00076025
0.00013131
0
0.00055851
9.2088e-05
0.00035626
0.00036526
0.00010271
0.00012143
6.8651e-05
0.00018492
0
0
0.00013895
0.00018227
0.00046151
0.00015118
0.00063809
0.00047861
0.00019222
0.0011698
0
0
0.00025631
0.00076801
0.0020975
0.000628
0.00051306
0.00057506
0.00080117
0.00020171
0.00043472
0.00066202
0.00090836
0.00045115
0.00050415
0.0019849
0.00099062
0
0
3.3633e-05
0
0
0.00046169
0
0
0
0
0
0
0
0
0
0
0
0.00020766
0.0010902
0
0
4.7404e-05
0.00042074
0.0001572
7.0247e-05
0.00018778
0.00042381
0
6.9103e-05
0
0.0007316
0.00061079
0.00072649
0.00035158
0.00035646
0.00015484
0
0.00020254
0.00018356
0.0001111
0.00027515
0.00023012
0.00013122
0
0.00020514
0.0002125
0.00011709
0
0
0.00016061
0.0001057
0.00072449
0.00032446
0.00061677
0.00020255
0.00011494
0.00013041
0.00011669
0.00028666
0.0014183
0.00040576
0.00044141
0.00027568
0.00055522
0.00045693
0.00018936
0.00014881
2.7553e-05
2.2214e-05
0
0
5.7334e-05
0.0001661
0.00041761
0.00012002
9.6789e-05
0
0.0021889
0
3.8574e-05
0
0.00027726
0.00039731
0.00016216
0.0002619
