0.031508
0.041648
0.040826
0.029636
0.027289
0.03122
0.020725
0.030571
0.0061899
0.014322
0.015205
0.0069984
0.0054139
0.0049578
0.0051632
0.0083648
0.0070779
0.0080971
0.0081865
0.0063786
0.0073283
0.010559
0.0080531
0.0062178
0.0067381
0.012546
0.008797
0.0063563
0.0088664
0.0079173
0.0034785
0.0059851
0.011502
0.0066823
0.0086374
0.0099024
0.0056803
0.007786
0.0040303
0.010003
0.0016999
0.0061746
0.0043473
0.0018915
0.0015742
0.0017825
0.00050121
0.0035793
0.0020027
0.0020395
0.0013552
0.0019725
0.0017697
0.0016323
0.00053165
0.00078804
0.00094765
0.0015948
0.0018812
0.0012338
0.0020379
0.0034227
0.00086542
0.0011249
0.0015636
0.0017453
0.00047187
0.0011106
0.002335
0.0016499
0.0012139
0.00089048
0.0002496
0.0035647
0.005266
0.0011439
0.00067972
0.00043885
0.001234
0.00085952
0.0020989
0.0018515
0.0025715
0.001922
0.0012476
0.00088183
0.0027832
0.0029059
0.0025395
0.0029095
0.0041339
0.0022565
0.0013159
0.0031811
0.0024287
0.0025585
0.0019571
0.0024841
0.0029343
0.0018238
0.0017151
0.0021762
0.0034911
0.0018275
0.0022019
0.0021833
0.0032974
0.00093694
0.001125
0.00053106
0.00018194
0.00028689
0.0012763
0.0021389
0.002448
0.0030911
0.0045338
0.003619
0.002597
0.0019758
0.0019602
0.0035547
0.0028459
0.0028191
0.0027257
0.0036637
0.0019419
0.0020984
0.0033058
0.0023077
0.0025401
0.0030782
0.0023823
0.0028523
0.0008567
0.0022087
0.001278
0.0066544
0.0023076
0.00082199
0.0010783
0.0018564
0.00013377
0.00062433
0.0021207
0.0014529
0.00052899
0.0015063
0.0018366
0.0017825
0.00056573
0.0030226
0.00089476
0.00036929
0.0017514
0.0016983
0.00068792
0.0011671
0.001223
0.0022899
0.00373
0.00062221
0.001969
0.0022001
0.00020951
0.0005149
0.00017575
0.0026228
0
0.0021936
0.00093998
0.00034576
9.0647e-05
0.00010599
0
0
0.00037236
0.0002034
0.0001028
0.00066679
0.0010455
0.00025573
0
0.00024283
0.00018815
0.00077449
0.00036105
0.00040969
0.00068554
0.00082171
0.0001182
8.8536e-05
9.3802e-05
0.00047418
0.0007398
0.00042074
0.00046989
5.647e-05
2.1599e-05
0.00020976
7.7045e-05
0.00044642
0.00054804
0.00049783
0.00058024
0.00055702
0.0001131
5.6036e-05
0.00020518
0.00071611
0.00050024
0.00021814
0.00067951
0.0013225
0.00023521
0.00051882
0.00012011
1.4009e-05
5.381e-06
9.5248e-05
0
0.0003395
0.00039656
0.0003113
0
0.00014064
0.00011675
0.00035053
0.00041447
6.5684e-05
0
0
0.00047311
0.0035937
0.0017799
0.00011697
0.00015347
0.0012193
0.00019182
0.00010343
0.00082779
0.00013659
0.0013362
0.00076201
0.00017228
0.00020145
0
0.0031544
0.00087721
0.00068023
6.109e-05
0.00031756
0.00027366
0.00024467
0.00042936
0.00050374
0.00065523
8.0895e-05
0.00019324
0.00023712
0.0003247
0.00039049
0.00023254
6.468e-05
0.0003494
8.365e-05
8.823e-05
0.00015117
0.000312
0.00095251
0.00044063
0.00024173
0.00043171
0.00018055
0.00041711
3.1733e-05
0.00046619
0.00054646
7.6479e-05
0.00018852
0.00014713
0.0011807
0.00066834
0.0010921
0.0013789
0.00030386
0.00040666
0.00012865
0.0010161
0.00038792
0
8.1637e-05
6.2656e-05
0.00057367
0.00030124
0.00035033
0
0.001094
0.00089711
3.8386e-05
2.2475e-05
0
0
0
7.8684e-05
0.00033528
0.0014362
0.0005225
0.00018911
6.8301e-05
0.00067302
0.00055891
0.0001447
0.00018653
0.00049971
0.00047481
0.0002871
9.6784e-05
0.00039972
0.000151
0
0.0001158
0
4.3973e-05
0.00015578
0.00038991
0.00020063
0
0.00028542
0.00063184
0.001677
0.0006885
0.00012428
0.0014494
0.00040975
0.00059197
0.00017868
0.00027525
0.00019294
0.00056922
0.0001277
0.00028888
0.00030332
0.0001269
0.00037379
0
0.0007282
0.00067448
0.001111
0.0010816
0.00023776
0.0001805
0.00015679
0.0011641
0.00059414
0.00055037
0.00015006
0.00023064
0.0002356
0.0001888
7.0582e-05
0.0010301
0.0019172
3.7324e-05
0
0
0
0.00011905
5.6036e-05
0.00080251
0.00076875
0.00025922
0.00024454
0.00037054
0.00060032
0.00018155
0.00047675
0.0012276
0.00088851
0.0016708
0.00069765
0.00014029
0.00089613
0.00053218
0.0007341
0.00049717
0.0010284
0.00015389
0.00028469
0.00022179
0.0011732
0.0015665
0.00096274
0.0011217
0.0013701
0.00099874
0.00049888
0.00081705
0.00078626
0.00087844
0.00072995
0.00028453
0
6.8536e-05
0.00018115
0.0007158
0.00087673
0.00083173
0.001427
0.0016535
0.0016687
0
0.00025884
0.00031488
0.0016931
0.0013724
0.00022249
0.00053833
0.00046536
0.00024019
0.00014177
0.00014931
0.0011161
0.00010131
0
5.0351e-05
0.001591
0.00011359
0.00018948
9.0912e-05
0
0
0.00011698
0.00047699
0.00087837
0.00055844
4.2218e-05
0
0
0
0.00078158
0.00056876
0.00029838
0.00073658
0.00067451
0.00053751
7.6311e-05
0.00061596
0.0001189
0
0.00015492
0.00020973
0.0017151
0.00074338
0.00045148
0.00061205
0.001916
0.00088506
0.00031322
0.00062802
0.0017805
0.001361
3.9826e-05
0.00055105
0
0
0.00011323
0.0012393
0.00058192
0.00044242
0.00066283
0
0.00013447
0.00028564
0.0015227
0.0013322
0.0008302
0.0007465
0.00038135
0
0.00034214
0.00067178
0.00085915
0.0010017
0.0013619
0.0019994
8.6084e-05
0.00034906
0.00092487
0.00094856
0.00074897
5.8398e-05
0.00037548
0
2.3318e-05
0
0.00078247
0.00039167
9.7076e-05
0.00024935
0.00062553
0.00044015
0.00015863
6.6729e-05
0.00041864
0.00054764
0.00098959
0.00076523
0.0006075
0.0012419
0.00064252
0.00026626
0.00027977
0.0011413
0.00096171
0.0010097
0.0013211
0.0006263
0.0010961
0.00074141
0.00020537
0.002213
0.0019643
0.00058712
0.00051173
0.0019249
0.00073188
0.0011734
0.00024419
1.543e-05
0.00020809
0.00025182
0.00026754
0.00034124
0.0003786
0.00043
0.00082492
0.00070035
0.00047713
0.00031425
0
0.00026753
0.00038755
0.00067625
0.0006775
0.00042645
0.00056466
0.00044109
0.00046944
0.00022037
0.00018449
7.7594e-05
0.00011951
0.00041722
0.00085324
5.6294e-05
0
0
0
0
0.00039346
0.0032834
0.00014565
0
0
0
0
9.6342e-05
0.00096269
0.00022511
6.9237e-05
0.00058519
0.0012503
0.0017659
0.00057537
0.0010317
0.0006561
0.00074692
0.00033959
0.00063186
0.00010375
0
5.9641e-05
0.001081
0.00021098
0.00017163
0.00011036
0.00091405
0.00016599
0.00037293
0.00067415
0.00097103
0.00053005
0.00038352
0.00086323
0.00078171
0.0002235
0.00022633
0.00045466
0.00051318
0.0011318
0.00062221
0.0014351
0.0004002
0.00032083
0.00040812
0.00039907
0.001447
0.0011454
0.00019961
0
0.0001441
0
0
0
0.001103
0.00014453
0.0017345
0.00080208
0
0.00012116
9.1064e-05
0
0.00040462
0.00073433
0.001535
0
0.00082199
0.00061279
0.0016263
0.00013377
0.00017045
0.00075317
0.0004809
0
0
0.00031075
3.2965e-05
0
0.00095916
0
0
0
0.00041822
0.00032801
4.4409e-05
0
0
0
0
0.00052054
0.00019005
0.00015977
0.00039013
0.00038823
0.00046209
0.00033171
2.6665e-05
0.00014931
0.00016619
0
0
0
0.00073032
6.902e-05
0.00016165
0.00076198
0.00027935
0.00010483
0.00028449
0
0
0
0
0
0.0012156
3.771e-05
0
0
0
