0.03453
0.031115
0.035466
0.03288
0.026719
0.031229
0.028837
0.030087
0.0042145
0.0035092
0.012258
0.011872
0.011663
0.0036502
0.0095441
0.0077316
0.0048376
0.0084438
0.010597
0.0088117
0.0057151
0.0087367
0.0053905
0.0064857
0.01267
0.0079101
0.0036602
0.0076342
0.0035292
0.0084004
0.0048675
0.0071378
0.012808
0.011252
0.008951
0.0045621
0.005812
0.010441
0.0090353
0.0087322
0.0025857
0.0020628
0.003198
0.0010308
0.0031902
0.0018709
9.1712e-05
0.0014566
0.0011238
0.00035513
0.00012701
0.0023233
0.0043827
0.00038086
0.00047641
0.003014
0.00010563
0
0.00012771
0.0029768
0.0022085
3.6121e-05
0
8.0956e-05
0
0.00016899
0.00040907
0.0028362
0.0012793
0
0
0
0.00019688
0.0010471
0.0072498
0.0030269
0.0021682
0.00076446
0.0062053
0.0027378
0.00021245
4.4159e-05
0.0015669
0.0052858
0.0018702
0.00055785
0.0026291
0.00052311
0.0031181
0.0067548
0.0078044
0.0022153
0.0021726
0.0082631
0.0048826
0.0037589
0.001562
0.0013325
0.0020846
0.00085524
0.00010651
0.00043749
0.00050788
0.00097181
0.0018351
0.0020304
0.00062593
0.0011581
0.0011542
0.0043612
0.0016244
0.0012236
0.0070663
0.0021906
0.00056663
0.0011352
0.00056108
0.0020439
0.00050238
0.0031979
0.0097469
0.0058093
0.004059
0.0015417
0.0020068
0.0059442
0.0039434
0.0057086
0.0033138
0.0051328
0.0042811
0.0027813
0.0034696
0.0038675
0.0048585
0.0048308
0.0024285
0.0021537
0.0011689
0.0028031
0.00083715
0.001892
0.002234
0.0015015
0.0011474
0.0014244
0.0013127
0.0025378
0.00086908
0.00014443
0.00064824
0.0010247
3.5103e-05
0.000199
0.00061091
7.7096e-05
0.00018054
0.00016539
0.00014896
0
0
0.00029812
0
0.0001619
0.00026277
0.00046435
8.4497e-05
0
0
0.00018134
0.00065936
0.00030928
0.00067626
0.00015723
5.9292e-05
0
0.00016632
0.00040386
0.00032396
0.00030338
4.2569e-05
7.8494e-05
3.242e-05
0.00011653
0
0
0
0
0
0
0
0
0
0
0
0.0005007
0.00019656
8.9496e-05
0
0
0
0
0
0.0019043
0.0010745
0
0
0
0
0
0.00012771
0.0010019
0.0011339
0
0
0
0
0
0
0.00067501
0.00011502
0
0
0
0
0
0
0
0
0
0
0
0.0001138
0.0011325
0.0012411
0
0
0
0
0
0.0020276
0.00011359
0.00060957
0.00041812
0.0021942
0.0014505
0
0.0013401
0.0013099
0.00021772
7.2493e-05
0.0010254
0.0034886
0.00013384
0.00027199
0.0025577
9.1894e-05
0.00013741
5.4515e-05
0.00053145
0.0009747
8.4283e-05
0
0
0
0
0
0
0
0
0
0
0
0
0
0
0
0
0
0
0
0
0
0.00087677
0.00051875
0
0
0
0
0.00016899
0.00028866
0.0011601
0.00064554
0
0
0
0
0.00071918
0.0013967
0.00020466
0
0
0
0
0
0.00035429
0.0031226
0.0013196
0.00070222
0.00018467
0.0025642
0.0012046
0
0
0.0015798
0.004896
0.0013095
0.00070482
0.0028335
0.00045634
0
0
0
0
0
7.3239e-05
0
0
0.0011223
0.0037402
0
0
0.00022662
0.00011438
0.0028903
0.0028697
0
0
0.00019122
0.00011155
0.00014903
0.00018605
0.00015201
0
0
0
0.0003495
0.00011874
0
0
0
0
7.7004e-05
8.2954e-05
4.2141e-05
0
0
0
0
9.004e-05
0
8.7655e-05
0.0013281
7.2493e-05
0
0
0.001947
0.00049512
9.4006e-05
0.00011748
0.001387
0.0010733
0.001082
0.00051789
0.0014597
0.00071521
0.00011839
0
0.00011102
0
0.00073546
0
0
0.00084602
9.4051e-05
4.4159e-05
0.00016331
0.00041262
0.00014877
0
0
0
0.0019927
0.0028533
0.0074682
0.0021704
0.0017969
0.0079988
0.0018403
0.00057608
0
0
0
0
0
0
0
0
0.00040277
0.00010853
0.0010601
0.0003765
0.00010651
0.00025678
0.00029409
0.00038473
0.00091372
0.00067105
0.00060233
0.00036001
0
0
9.1894e-05
0.00034605
0.00015141
0
9.2091e-05
0
0
0.00032438
0.0010962
0.00021565
0
0
0.0001164
0.00053179
0.00012914
4.8161e-05
0.00010557
0
0.00082795
8.7404e-05
0.00018737
0.00015438
0.00015837
0.00059143
0.00010514
0.00058477
0.0011517
0.00062541
0.00014557
0.00012202
0.00017016
0.00036138
0.00020619
0.00074904
0.0020665
0.00025319
0
0
0
0
0.00017404
0.0022582
0.0025647
0.00041917
0.00019377
0
0
0
0.00011198
0.0021174
0.0027215
0.0041739
0.0041061
0.0014148
0.0017804
0.0031882
0.0046522
0.0038829
0.00012469
0.0011808
0.00035052
0
0
0
0.00041066
0.0011702
0
0
0.00035604
8.0993e-05
0.00052895
0.002384
9.9287e-05
0.00038874
0.0012816
0.0016816
0.00015349
0.00071739
0.00055661
0.00052369
0.00024766
0.00061919
0.0017017
0.00070025
0
0
0
0
4.7019e-05
0.00064787
0.002977
0.00050556
0.00010853
0.00060994
0.00015907
0.0010745
0.00022747
0.00078226
0.0052248
0.0051949
0.0029098
0.0011813
0.00080849
0.0052936
0.0030195
0.0013481
0.00039846
0.00010305
0.00023198
4.9644e-05
0.00010853
0.00065061
0.00033508
0.00010234
0.00043546
0.00020945
0
0.0013665
0.0016073
0.00047485
7.4078e-05
0.00013303
0
0
0
0
8.1883e-05
0.00020734
0.00014617
0.00010186
0.00025155
4.3412e-05
0.00075128
9.5187e-05
0
0.0015255
0.0018111
0.00045799
0.0020546
0.0019886
0.00023269
0.0011833
0.00038139
0.00036407
0.00012334
0.00075441
0.00084867
0.0010182
6.0202e-05
0.00078121
0.00063355
0.00019028
0.00029378
0.00066372
0.00050224
0.00043355
6.5564e-05
0
0
0.00024063
0.00037617
0.00057556
0
0.00016238
0.0012103
0.00063675
0.0011633
9.5187e-05
0.00014896
0
3.5103e-05
0.0001071
0.0002006
0
0.00018054
7.0207e-05
0
0
0.0001521
0.00036676
0
0.0001619
0.00026277
0.00064211
8.4497e-05
0
0
0
0
0
0
0
0
0
0
0
0
0
0.00013414
0.00044584
0.00041227
0.00021888
0.00032421
0.00041028
0.00011472
0.0014869
0.000285
0.00027683
9.2364e-05
4.8536e-05
0
0
0.00031882
0.001624
0.00023553
0
0
0
0
8.7655e-05
0.00025566
0.00016038
0
0
0
0
0
0
0
0
0
0
0
0
0
0
0
0
0
0
0
0
0
0
0
0
0
0
0
0
0
0
0
0
0
0
0
0
