0.032274
0.030482
0.029204
0.037705
0.033547
0.030704
0.026351
0.032109
0.0067161
0.0065566
0.012597
0.010459
0.0088657
0.0089318
0.0057035
0.0059375
0.015078
0.013193
0.0084502
0.020204
0.015642
0.011507
0.01275
0.020832
0.0079957
0.0070785
0.0051596
0.0042668
0.0055709
0.0052375
0.0051014
0.0038966
0.0024841
0.0036533
0.0029973
0.0027756
0.0034692
0.0050279
0.0027962
0.0014431
0.00056773
0.0017088
0.005275
0.001674
0.00097494
0.00017113
0.00033432
0.00040336
0.0019924
0.00058475
0.0013133
0.0040108
0.0033788
0.003853
0.0030721
0.0037103
0.0041028
0.002983
0.002762
0.0039261
0.0048315
0.0022286
0.0011323
0.0011529
0.00425
0.00263
0.0036091
0.0060721
0.0048794
0.0042925
0.0031649
0.0063714
0.0010237
0.0015678
0.0022133
0.001361
0.0012797
0.0015385
0.00079188
0.00031063
0.0025871
0.0026953
0.0036849
0.0031859
0.0032322
0.0028243
0.00118
0.0014183
0.0046804
0.0035199
0.0016372
0.0056556
0.0038009
0.002979
0.0060332
0.0070864
0.0020976
0.0039812
0.00038425
0.0047236
0.0018153
0.0023682
0.0021962
0.0060956
0.0032304
0.0013753
0.00021391
8.3756e-05
0.0013663
0.0020751
0.0022486
0.00090421
0.0036721
0.0038811
0.0016152
0.00083483
0.00035661
0.00025092
0.0018513
0.0023141
0.0012097
0.0012908
0.00032683
0.00031725
0.0014257
0.0028751
0.0011239
0.00025882
0.00081968
0.00091189
0.0004007
0.0010799
0.0017932
0.0010484
0.0002943
0
0.0008263
0.001341
0.0021249
0.0020706
0.00087596
0.00043585
0.00018236
5.0595e-05
0.0002648
0.00048111
0.0010113
0.0012776
0.0026681
0.0025179
0.00095054
0.00050368
0.00048411
0.0011461
0.0020074
0.0012983
0.00040271
0.0011303
0.0013025
0.00078805
0.00029578
0.00033511
0.00030483
0.00013351
0.00010342
0.00011554
0.00020226
0.00053263
0
0
0
0
0
0
0
0
0.00046284
0.00039688
0.00053497
4.4152e-05
9.6407e-05
7.5836e-05
0
0.00029436
0
0
0
0.0015251
0
8.2664e-05
7.1163e-05
0.00048995
0.00054815
0.00012292
9.2252e-05
8.5307e-05
0.00021293
0.00068561
0.00053441
0.00077918
0.00047024
0.00026384
0.00065828
0.0006373
0.0020862
0.0012135
0.00011375
0.0001668
0.00093647
0.00022109
0.00056964
0.0011803
0.0019526
0.00011981
0.00019059
6.8506e-05
0.0016002
0.00029408
0.0008463
0.0017069
0.0012306
0.00059245
0.00096105
0.0022083
0.0013688
0.0010184
0.0013781
0.0014176
0.00057461
0.00096965
0.00084072
0.0014796
0
0
0
0.00086916
0.00087853
0
0
0
0
0.0012782
0.0045409
0.00068735
0
9.5295e-05
0.00028901
4.4853e-05
0
5.2534e-05
0.00039617
0.00069883
0.00064929
0.0003533
0.0014114
0.0011154
0.00094494
0.00030644
0.00049372
0.0016407
0.0020336
0.002112
0.0010551
0.00139
0.0013305
0.0012313
0.00090837
0.001569
0.00064246
0.00061712
0
0.00027237
0.0014026
0.0012431
0.00011718
0.00046939
0.00058313
0.00032999
0.00073004
0.00051089
0.00059893
7.3182e-05
0.00027439
0.00036479
0.00052276
0.00047109
0.0010265
0.00062421
0.00061891
0.0010849
0.0012182
0.0020362
0.0020977
0.00021552
0.00043455
0.0019746
0.00043776
0.00080505
0.00016089
6.8683e-05
0.00028321
0.00035198
7.0772e-05
0
0.00010489
0.00015129
0.0018111
0.00097568
0
0
0.00020047
0.00031063
0.00011043
0.0001018
0.0013173
0.000628
0.00079899
0.0013577
0.00075911
0.00040907
0.00054925
0.00043664
0.0005086
0.00064813
0.0017388
0.0014193
0.00013718
3.9155e-05
0.0025868
0.0019585
0.001257
0.0013634
0.00089154
0.0012343
0.0027288
0.0026594
0.00010326
0.0004946
0.00067033
0.0029363
0.0010929
0.00066471
0.0010568
0.0016599
0
5.3721e-05
0.00036418
0.0046965
0.00086155
0.00062421
0
0.00053023
0
0.00029179
0.0002174
0.0012413
0.00035294
0.00075252
0.00061976
0.001456
0.00053789
0.00064516
0
0
0
3.6874e-05
0
0
0
0
0
0.00031668
0.0009965
0.0008644
0.0004065
0
0.00033523
0.00029112
0.00041317
0.0012712
0.00069437
0.0005523
0.00024446
0
0.00088687
0.0012864
0.0010456
0.0003578
0
0
0.00013607
0.00061219
0.00061486
0.00078121
0.00048295
0.00019789
0.00066263
0.00070714
0.00079174
0.001735
0.0007544
0.0005203
0
0.00013899
0.0011214
0.00037291
0.0010938
0.0013003
0.0026433
0.0034423
0
0.00016487
0.00050126
0
0
0.0012731
0.00029513
5.4043e-05
0
0
6.6476e-05
0.00056804
0.0014869
0.0026793
0.00011923
2.3558e-05
0.00013215
7.5427e-05
0
5.3375e-05
0.00037973
3.9672e-05
0.00047084
0.00078085
8.176e-05
8.3291e-06
0.00048666
0.001337
0.0012384
0.00019082
0.0013492
0.00097075
0.00043134
0.00028069
0
0
0
8.7996e-05
0.00060837
0.0012381
0.00056637
0.00017536
7.679e-05
0.00010279
8.2664e-05
0.00012107
0.00018474
0.00056447
0.00019978
0.00024637
0.00042905
0.0001694
0.0001766
0.00021426
0.00050985
0.00036264
8.0106e-05
0
0.00030292
0.00023164
0.001371
0.00021498
0.00013666
0.00019676
4.247e-05
0.00096784
0.00060779
0
0
0
0.00011956
0.00069295
0.00019534
0
0.00049852
0.00096536
0.0002668
0
0
0
0
0
0
0
0
0
0.0020602
0.00043884
0
0
0.00080466
0.00093305
0.00053788
0.00067372
0.0018204
0.0017546
0.00046139
0.00055359
0.00022821
3.1716e-05
0.0011817
0.0016689
0.00030475
7.7106e-05
0
0
0
0
0
7.906e-05
0.00062709
0.00045381
0.00012705
0
0.00043923
0.00091151
0.00018493
0.0001342
0
0
0
0
0.0001999
0.0015068
0
0
0.00056346
0.00016155
8.8343e-05
0.00017964
0.00070592
0
0
0
0
0
7.4544e-05
0.00010916
5.9513e-05
0.00039967
2.7499e-05
0
0.00036131
0.00070631
0.00054913
0
0
0
0
0
0.00083523
0.00040762
0
0
0
3.6874e-05
0.00020633
0
4.1645e-05
0.00062953
0.00021531
0.00011629
0.00030539
0.00013062
0.00055237
0.00022622
0
0
0
0.00028203
0.000535
0.0010061
0.00010276
0
4.4853e-05
0.0002085
0.00036061
0.00054544
0.00032161
0.00037875
0.00042357
0.00042632
0.00028352
0.00020531
0.00028196
0
0
0
0.00034756
0.00030945
0.00012067
0
0.0002038
8.1625e-05
0
7.6382e-05
0.0002439
0.0001814
0
0
0
0
0
0
0
0
0
0
0.00032262
0
0
0
0
0
0
0.00035912
0.0012531
0.0020706
0.00070157
0.00043585
0.00013122
0
0.00010459
0
0.00013042
0.00061859
0.0015897
0.00041867
0.00017257
0.0002018
0
0
0.00056985
0.00026069
0.00037234
5.4299e-05
0.00039577
0.00017874
0
0.0001545
0.00084453
0.00030706
8.103e-05
0.00011488
0
0
5.0113e-05
0.00034397
0.0005203
0.00032741
0.00018173
0.00076406
0.00043182
5.2281e-05
0.00022598
0.00043225
0.00010103
5.1881e-05
0.00014302
0.00011572
0.00012521
0.00035123
0
0
0
0
0
0
0
0
