0.030461
0.025908
0.029233
0.022542
0.028056
0.03995
0.03862
0.038813
0.0064097
0.0046435
0.010015
0.004263
0.0065937
0.011952
0.009567
0.0067973
0.010432
0.0046998
0.0043496
0.0044873
0.0036297
0.0063207
0.010851
0.010872
0.0048291
0.0059285
0.0054864
0.0074851
0.0048154
0.0082688
0.0056358
0.013037
0.00879
0.010636
0.0093813
0.0063071
0.013017
0.013409
0.012566
0.0081074
0.0013994
0.0009091
0.0053621
0.0010563
0.0017111
0.0030706
0.0011904
0.00061417
0.0018303
0.0019956
0.0011827
0.0015731
0.0014555
0.0035546
0.0038908
0.0035262
0.0049373
0.00029716
0.0004278
0.0013866
0.0017313
0.0017152
0.00081675
0.0025153
0.00081403
0.00026506
0.00077269
0.00052893
0.00018585
0.000714
0.0012668
0.00070339
0.0011948
0.00018072
0.0019051
0.0007617
0.0012545
0.0034352
0.0025885
0.00063571
0.0019233
0.0014146
0.0014165
0.00083349
0.001954
0.0015979
0.0018279
0.0015283
0.0023812
0.0021912
0.0016657
0.0010486
0.0010978
0.0026609
0.0033587
0.0032966
0.0022997
0.0020166
0.0013693
0.0014517
0.00061476
0.0014523
0.0048929
0.0047569
0.0017785
0.0031957
0.0021937
0
0.00078085
0.0016586
0.00086833
0.0033928
0.00019851
0.00038814
0.0012253
0.0022341
0.001491
0.0016443
0.00074021
0.0020223
0.0014297
0.0032619
0.0017761
0.0015992
0.0059574
0.0043998
0.0035288
0.00040653
0.0019834
0.0025527
0.0021206
0.0021173
0.0032202
0.0050108
0.00057354
0.00066194
0.00045145
0
0.00010679
0.00041639
0.002386
0.0038771
0.0020082
0.0035104
0.0024162
0.0023446
0.0019743
0.0046457
0.00027343
0.00019468
0.0018009
0.0036452
0.0017499
0.0023026
0.0028776
0.0014758
0.00077792
0.0027097
0.0066869
0.0037144
0.0029077
0.0024851
0.0027821
0.0011182
0.0029633
0.0019229
0.0024547
0.0032632
0
0
0
0
0
0
0
0
0.00092768
0.0009091
0
0.0008963
0.00096696
0.0010358
0
0.00044259
0.00028469
0.00085809
0
0.00016005
0.00049877
0.0026522
0.0001539
0.00047316
0.00014909
0
0
0
0
0
0.0016348
0.00064716
0.00092202
0
0
0
0
0
0
0.00016517
0.0012942
0
0
0
0
0
0.00014507
0.0011904
0.00071446
0.00011962
0.00027293
4.526e-05
0
0
0
6.3466e-05
0
0
0
0
0
4.0797e-05
3.7789e-05
0
0
0
0
0
0.00074415
0.0013097
0
0
0
0
0.0051646
0
0
0.00063462
0.0010563
0
4.3597e-05
0.00034856
0.00043569
0.00065485
0.00023434
0.00015311
0.0013078
0.00078898
0.0010472
0.00034223
0.00074699
0.0009183
0.0007224
0.00044952
0.00072706
0.0016734
0.00276
0.00044911
0.00025144
0.00036674
0.00024337
0.00087573
0.00016877
0.00092986
0.00020885
0.00019425
0.00013176
0.00056507
0.0011418
0.00091817
0.00039635
0
0.00015743
6.6796e-05
0.00040747
0.00057765
0.00022677
0.00011863
0.00071327
0.00086985
0
0
0
0
0
0.0006732
0.00048903
0
0.0010484
0
0
0
0
0.00016597
0.00033263
0.00017284
0.00055045
0
0.0018814
0
0
0.0017423
0.00063279
0.00057796
0.00095269
0.00035493
0.00026395
0.00078357
0.0015489
0.00011842
0.0010765
0.00063787
0.00015207
0.00010047
5.3442e-05
7.3262e-05
0.00028702
0.0011278
0
8.9865e-05
0.00054051
0.001361
0.00060423
0.00043286
0.00080105
0.00077118
0.0012244
0.0014604
0
0
0.00014209
0.00015232
0.00013503
0.00038704
0.00052505
0.00014123
0.00010445
0.00036599
0.00091094
0.00040098
0.00022707
2.9772e-05
0.00018219
9.8375e-05
0
7.5903e-05
0.00041989
0.00060131
0.00018265
0.00099139
0.00071703
0.0010052
0
0
0
0
0.00041366
0
0
0
0
0.00018072
0.00011915
0.00018789
0
0.0014951
0.0014739
0
0.00038975
0.0007649
0.00094234
7.7833e-05
0
0
0
8.1365e-05
0.00042502
0.00013505
0
2.8933e-05
2.39e-05
0.00021012
0.00050554
0.00053325
0.00092181
0.00069842
0.00086894
0.00071581
0.00039782
0.0016956
0.0018132
0.000572
0.00067348
7.0534e-05
0
0
8.0377e-05
5.1086e-05
0
0.00059713
0.0022677
0.0014746
0.00014623
0.00053359
5.6575e-05
0
0.00063691
0.0030369
0
0
0.00014514
0
0.00011727
0.00024307
0.0021911
0.00073147
0
0
0
0.00014471
0.00084085
0
0
0
6.0283e-05
0.00038395
0.0020129
0.00021562
0.00073647
0.0010509
0.00043993
0.00010961
0.00010815
0.00013127
0.00039706
6.0365e-05
0
0
0
0
0
0
0
0
0
0
0
0
0.00024447
0.00048181
8.1834e-05
0.00097114
0.0011381
0.00079487
0.00037811
0.00053407
0
0
6.2133e-05
0.0003444
0.0014801
0.00055676
8.6798e-05
8.011e-05
0
0.00030971
0.0013414
0.0014715
0.0026574
0.0010857
0.00016607
0
0
0
0.00019459
0
0.00053072
0.0035204
0.0012195
0
0
0
0
0
0
0
0
0.0024325
0.0015803
0.002682
0.00016966
0
4.4381e-05
0.00022685
0.0004918
0.00085065
0.00013787
0.0001711
0.00025497
0.0013604
0.001207
0.00099559
0.00020087
0.0018847
0
0
0.00035056
0.00043374
0.00018468
2.5878e-05
0
0
0.0011333
0.0027124
0.0014826
0.00031565
0.0024415
0.0022855
0.0018716
0.00019761
0.00019858
0.00026654
0
2.5878e-05
0.00044594
0.00063419
0.0010714
0
0.0010205
0.0015058
0.00029484
0.00058112
0.00011423
0.00017833
7.7698e-05
0.00061006
0.00085616
0.00087365
2.6813e-05
0
0
0.00021069
0
5.1874e-05
0
0
0
0
0.00012651
0.00023435
9.187e-05
0
0.00012118
0
0.00010679
0.00041639
0.0021512
0.0022972
0.00016233
0.00033931
0.00027587
0.00076035
0.00085596
0.00036769
0.00010835
0.00095899
0.00042519
0.0001294
0.00068323
0.00062079
0.00077526
0.00040882
7.3218e-05
0.00013435
0.0012694
0.0012959
0.00039389
0.00042018
0.0011877
0.00011245
0.00036093
0.0010757
0.002027
0.0010008
0.00022341
5.6575e-05
0
0
0.00022743
0.00031869
0.00017128
0.00028963
0.00054771
0.0010926
0.00077536
0.00019228
0
0
0.0005134
0.00027271
0.00079641
0.00035052
0.0013262
0.00042234
0.0017529
0.00055333
0.00097296
0.00050298
0
0
0
0
0
0
0.00014483
0
0.00024813
0
0
0
0
0.0010585
0.0014176
0.0030785
0.00069252
0.0007958
0.00031741
0.0013627
7.2247e-05
0
9.7638e-05
0.0007135
0.00027457
0
0.00016382
0.0026261
0.00013498
0
0.00039814
0.00077994
0.00014629
0.00043835
0.00062002
0.0005478
0.00027484
0.00031877
0.0013954
0.0010925
0.00068335
0.00053556
0.0011758
0.00039085
0.00020654
0.0013524
0.0026461
0.00056024
0.00072502
0.0011294
0.00041281
0.00019112
0.0001876
0.00040038
0.00080976
0.00099409
0.0010744
0.00032005
0.00012907
0.0001287
0.00050419
0.00040215
0.00013554
0.0011953
