0.034433
0.02401
0.026365
0.036045
0.06012
0.018907
0.021063
0.035007
0.0093472
0.0097482
0.006986
0.0062787
0.01003
0.0082009
0.0037953
0.0080292
0.011552
0.0042057
0.0061524
0.012113
0.020769
0.0044718
0.0070516
0.0078288
0.0040884
0.0043078
0.006542
0.0049102
0.0096359
0.0033024
0.0038252
0.0060367
0.0094456
0.0057478
0.0066843
0.012743
0.019684
0.002932
0.0063913
0.013112
0.0014673
0.0031697
0.0023764
0.00031788
0
0.00074946
0.00060595
0.0028514
0.0036157
0.0014715
9.262e-05
0.00028803
0.00087001
0
0.0019748
0.0031436
0.00778
0.00022573
5.1863e-05
0.0045636
0.012994
0.00059565
0.00055724
0.001712
0.0012133
0.0002904
0.00090873
0.0043533
0.0028249
0.0006621
0.00018887
0.0011511
0.00017009
0.0025228
0.0034532
0.002935
0.00049948
0.0012433
0.00020509
0
0.0035699
0.0024482
0.00089565
0.0022727
0.0070341
0.0061138
0.00090083
0.0017212
0.00087159
0.0021995
0.002629
0.0012905
0.002004
0.0014098
0.003296
0.0022227
0.0020988
0.0013738
0.0025628
0.0018117
0.0036333
0.0011822
0.0029353
0.0026785
0.0020884
0.0021511
0.0025219
0.00038388
0.0001071
0.00033502
2.2743e-05
0.00058023
0.0019344
0.00096202
0.0018517
0.0040085
0.0036033
0.00052554
0.0027396
0.0049283
0.0023575
0.001563
0.00064652
0.0060509
0.0067476
6.424e-05
0.00099986
0.0033698
0.0004479
0.0009599
0.0008213
0.0024898
0.010412
0.00068251
0.0028341
0.0017576
0
0.0010429
0.0020832
0.00077988
0.0020202
0.0004536
0.00080133
0.00013572
6.5662e-05
0.00015177
0.00011024
0
0.0041838
0.0020564
8.8192e-05
3.3553e-05
0.0021301
0.0013238
0.0019357
0.001793
0.0013172
0.00075293
0.0003347
0.0019296
0.0043105
0.0019698
0.0028026
0.0020874
0.0015746
0.0015708
0.0024197
0.005903
0.00031811
0.00065034
0
0
0
0
0
0.00076323
0.00045619
0.0003212
0
0
0
0
0
0.0018143
0
0
0
0
0
0
0
0.00086079
0.00083765
0.00042451
8.0409e-05
0.00014831
0.0006257
0
0
0
0.0042257
0.00032902
0
0.00013972
0.0049118
0
8.4379e-05
0.00013313
2.9705e-05
0
0
0.0021683
0.00089326
0
3.2069e-05
0.00028145
0.00071233
0
0.00040727
6.3494e-05
0.00019659
0.00017715
0.00012348
0.00018052
0.00047085
9.654e-05
0.00026343
0.0003435
0.00073221
0.00022846
2.2943e-05
0.00026456
0
0.0013538
0.0023764
0.00031788
0
0
0
0
0.00048026
0.00084436
0
0
0
0.00074946
0.00060595
9.3987e-05
0.00037604
0.00058141
0
0
0
0
0.0013396
0.0012534
0.00136
0.00019613
0
0
0
0
0.00063515
0.0012093
0.0041327
0.00013604
0
0.00036133
0.0039688
0
0
0.00075599
0.00038028
0
5.1863e-05
0.001401
0.002441
0.00016939
0.0003245
0.00050411
0
0
0
0.0020548
0.00031526
0
0
0
8.3873e-05
0.00019386
0.00013266
0.0019598
0.00081477
0
0.00015873
0.00074334
0.00038279
0
0.002095
0.00015351
0
0
0
0
0
0
0.00020599
0.0015955
0.00011939
0.00018558
0
0
4.5386e-05
0.0001766
9.9442e-05
0.00049213
0.0017659
0.00077068
3.5061e-05
2.2943e-05
0.00093352
0.00065401
0.00011617
0.00010495
0.0028426
0.001097
0.0002996
0.00031267
0
0.00017569
0.00065525
0.00057736
0.0023441
0.00045709
0.00057131
0.00015611
0.0002338
0.0001268
0.00045359
0.00045152
0
0.00026878
0.00065833
0.00059316
0
0
3.9004e-05
0
7.4857e-05
0
0
0
0.00071301
0.00055611
0.00087843
0.00025353
0.0014801
0.00053354
0.00093862
0.00081091
0
0
0
0
0
0
0
0
0
0.0024058
0.0010317
0.0011859
0.00014656
0.00094675
0.00010042
0
0
0
0
0
0.00032826
0.0027784
0.00021166
0
0.00229
0.0013984
0.00058809
0.0014043
0.0014713
0.0011518
0.00035452
0.0010993
0.00021834
0.00046695
0.00018062
0.00035261
0.00068023
0.00037741
0.00024528
0.001139
0.00046248
0.0011472
0.00098406
5.5737e-05
0
0.00051303
0.0016411
0.00034907
0.00031994
0.00012644
0.00031648
0
0
5.233e-06
0.00062642
0.00076322
0.0005439
0.00043769
0.00080572
0.00095632
0.0011154
0.00043529
0.0013076
0.00094537
0
0
0
0
0
0
0
0
0.00034531
0.00011699
0.0015506
0.0003123
0
0.00020527
0.00012742
0.00042847
0.00041969
0
0.0001688
0.00024985
0
0.00031097
0.0005924
0.00020798
0.00081516
0.00044571
0.00071622
0.00073823
0.00055433
0.00031591
0.00047829
0.0014047
0.0011351
0.00064721
0.00026455
0.0010535
0.00065188
4.1864e-05
0.0002798
0.00081749
0.0002239
0.0011889
9.8751e-05
0.00028098
0.00027205
0.00012713
0.00049585
0.00026316
0
0
0
0
0
0
0
0
0
0
0
0
0.00037498
0.00053747
0.00078946
0.0013676
0
0
0
0
0
0
0
0
0.0015485
0.0021511
0.00067222
0
0
0
0
0
0.00026443
0.00017818
0.0003221
0
0
0.0002691
0.00018435
0.001437
0.0008248
0.00041174
0.00043951
0.0013822
0.0010429
0.00014437
0.0013601
0.0014895
0.00078025
0
0.00024929
0.0040063
0.0012971
3.4887e-06
0
0.002458
0.00021826
5.9024e-05
8.5472e-05
0.0016457
0.0041176
0
0
0
0
0
0
0.00035235
0.0061212
0
0
0
0.00024549
0.00024359
0
0.0015448
0.0046809
0
5.9256e-05
0.0003406
0
0
0
0
0
0
0
0
0
0.00094449
0.0013779
0.00021597
0.00026519
0.00038073
0.00058434
0
6.5662e-05
0.00015177
0.00047752
0.00022794
0.0016477
0.00059975
8.8192e-05
3.3553e-05
0
0
0
0.00079193
0.0011429
0.00065682
2.4668e-05
0
0
0
5.923e-05
0.00013025
0.00069838
0.00087119
0.00071161
0.00048382
0.0021301
0
0
0
0
0
0
0.001116
0
0.00035829
0
0
0
0
0
0.00055044
0.00029865
0.00069883
0.0013759
0.00117
0
0.00036607
0.00070268
0.00036059
0
0
0
0
0
0
0
0
0
9.8442e-05
0.00095599
0.00063548
0.0015713
0
0.0001205
0.00013572
0
0
0
0
0.002486
7.2866e-05
9.6491e-05
0
0
0
0
0
0.0012565
0.00010502
0
0
0
0
0
0
0
0
0
0
0
0.00094574
0.001546
0.0015036
0.00028584
0.00023016
0
0
0.0023147
0.00017782
3.2912e-05
0.00028939
0.0012847
0.00090622
0.00080922
0.0018811
0.00075276
0.00010803
0.00055979
0.00029422
0.00018545
0
0
0.0037019
