0.021389
0.031322
0.041341
0.062047
0.025502
0.016409
0.027056
0.02855
0.0011957
0.0053287
0.011989
0.031615
0.0079173
0.004323
0.009254
0.0039303
0.0059579
0.0020954
0.012006
0.013221
0.0023177
0.0045954
0.0061097
0.0055495
0.0086554
0.010826
0.0028049
0.0065608
0.0094252
0.001604
0.0034927
0.0046827
0.0055797
0.013072
0.01454
0.01065
0.0058422
0.0058865
0.0081992
0.014388
0.0008078
0.0026073
0.0038536
0.0074592
0.0011879
0.0026648
0.0072578
0.0025471
0.0003879
0.00058101
0.0018866
0.0073832
0.0014555
0.00036417
0.00048704
0.0012687
0.002193
0.00043522
0.0071801
0.0028496
0.0009339
0.0019883
0.0037648
0.0022853
0.00061461
8.8222e-05
0.00090294
0
0
0.0015086
0.00017023
0.00044948
0
0.00020918
0.00052407
0.010806
0.0033348
0.00053232
0.0011965
0
0
0.001766
0.0055153
0.0058608
0.0018557
0.00076172
0.00031261
7.5699e-05
0.0015655
0.00038103
0.0011342
0.003777
0.00078323
0.00085273
0.0014191
0.00078863
0.001448
0.00088356
0.0026508
0.0065576
0.00068392
0.0002458
0.00040791
0.0020089
0.0021871
0.001319
0
0
0
0
0
0
0.0024124
0.0022861
0.0019019
0.00033933
0.00011948
0
0.00077166
0.001168
0.0023949
0.00016089
0.0033615
0.00322
0.0011034
0.0017139
0.0013846
0.0015197
0.0028852
0.0042032
0.0058208
0.0015111
0.0021753
0.0024587
0.0018228
0.0018049
0.0020596
0.0066526
0.0001944
0.0038139
0.0016111
0.00012471
0
0
0.0014916
0.00060373
0.00070861
0.0018561
0.0076946
0.0014793
0.002721
0.0034318
0
0.00066956
0.002984
0.0012863
0.0012114
0.00028016
0.0015859
0.0057021
0.00082275
0.008237
0.0017353
0.0051025
0.0011865
0.0012806
0.0035465
0.0047693
0
5.8953e-05
0.001647
0.00036257
0
0
0
8.8693e-05
0.00020378
0.00010035
0.00075873
0.0032818
0.0010771
0.00097973
0.00038277
0.0021469
0
9.6914e-05
0.00019931
0.0050857
0.00049988
0
0
0
0
0
0
0.00063971
0.00017083
0.00023363
0.00024102
0
0
0
0
0
0.00032857
0.0019883
0.0021313
0
0
0.00033431
0.0041346
0
0
0
0
0
0
0
0
0
0
0
0
0
0.00020848
5.026e-05
0
0
0
0.0015086
0.00017023
9.207e-05
0
0.00021514
0.00098845
0.0013322
3.2159e-05
0
0
0
0.00060402
0.0018958
0.00016106
0.0004453
7.8664e-05
0.0016851
0.0056839
0.00031154
0.0003787
0.00055701
0.0017923
0
0
6.622e-05
0.00068299
0.00018663
9.207e-06
0
7.036e-05
0.002114
0.00063747
6.4317e-05
0.00012582
0.0010119
0.00083085
0.00012492
7.4229e-05
0.0011421
0.00065876
0
0.0014688
0.00066081
0.0013622
0
0.0018605
0.0015591
9.3893e-05
0
0.0001647
0.001602
0
0
0.0019326
0
0
0
0
0
0.00034315
0
0
0
0
0
0
0.00027265
0
0
0
0.0078532
0
0
0
0
0
0.00044927
0.00052407
0.0044514
0.0029252
0
0
0
0
0
0.0039377
0.0017929
0.00040954
0.00053232
0.0018248
0
0
0
0.00012404
0.0013767
0.0013156
0
0
0
0
0
0
0.00034853
0.00040783
0.0002689
0.00048048
0.00015956
0
0
0.00024073
0.00023112
0
0
0
0
0.00048923
0
0.00072134
0.0016354
0.00024141
0
0
0.00028218
0
0
0.00048256
0
0
0
0
0
0
0
0
0
0
0
0
0
0
0
0
0
0
0
0
0
0
0.0013847
0.00039756
0.00094424
0
0
0
0
0
0.00026018
0.0010635
0.0012368
0.00054017
0.00076172
0.00031261
7.5699e-05
0.00092616
0.00018178
0.00077047
0.0025857
0.00010128
0.00042646
0.00065056
0.000593
0.00037142
0.00019926
5.7901e-05
0.0006196
0
0.00015737
0
9.1541e-05
0.00058293
0.00056451
0.0011036
0.001157
0.00019631
0.00019639
9.7871e-05
0.00026403
0.00049931
9.8396e-05
0.00035806
0.0032929
0.00036567
4.941e-05
0.00023581
0.0012303
0
0
0
0
0
0
0
0
0
0
0
0
0
0
0
0
0
0.00068935
0.0011561
0
0
0
0
0
0
0
0
0
0
0
0
0
0
0.00010094
0.00029126
0.00079686
0
0
0
0
0.00021431
0
0.00069123
0.00075459
0.00037088
5.5395e-05
9.577e-05
7.3885e-05
1.1646e-05
0.002077
0.0041129
0.00028565
0.00030593
0.001133
0.0011975
0.00034078
0.00021046
0
0.00010392
0
9.8718e-05
0.00063214
0.00063744
0.00066797
0
0
0
0
0
0
0
0
0.00043234
0.0008091
0
0
0
0
0
0
0.0021425
0.00038049
0.00034138
0
0
0
0.00077166
0.0011104
0.00049276
0.00087248
0.00014222
0.00033933
0.00011948
0
0
5.7645e-05
0.0022096
0.00046497
0.0003776
0.0011637
0.00039194
0.0010421
0.00093943
0.00083882
0.000141
5.9951e-05
0.00059008
0.00033569
9.9281e-05
0
0.00018548
0.00064407
0.0013459
0.00069746
0.0021694
0.0004654
0
0
0
0
0.0011617
0.0012527
0.00015781
0.00074452
0.0013456
0.00075839
0.00030892
0.00019734
0
0
0
0
0
0
0
0
0.002763
0.0062204
8.6638e-05
0
0.0002607
0
0
0
0.0013901
0
0.00010459
0
0.00032747
0.00012471
0
0.0010057
0.00021282
0.00014216
0
0
7.0118e-05
0.00094218
0.002721
0.0024261
0
0
0.00084958
0.00099145
0.00043267
0
0.00053738
0.0026943
0
0
0.00019815
0.00080241
0.00088622
0
0
0.0001672
0.00022144
0.0066923
0.0013114
0.0004864
0.0007005
0.00097554
0
0
0.00054777
0.0002585
0
0.00064247
0.0007723
0.00055771
0.0012672
0.00072491
0.00050323
0.00033163
0.00010776
0.00038217
0
0
0
0
0
0.00052807
0
0.0031911
0.0012328
0
0
0
0
0.00014544
0
0.0020185
0.0038462
0
0
0
0
6.6008e-05
0.00060402
0
0.0034607
0.00053712
0
0
0
0.00019509
0.0015061
0
0
0
0
0
0
0
0
0
0
0.00028016
0.00063277
0.002701
0
0.0017468
0.00079802
0.00062872
0
0
0.00046121
0.0012199
0
0
0.00037812
0.0018883
0
0
0.0013135
0.0015594
