0.038611
0.03183
0.035356
0.035307
0.030457
0.028312
0.031
0.026763
0.0047969
0.0080681
0.011733
0.014683
0.0095901
0.011977
0.012147
0.0075734
0.0052498
0.0073417
0.0095532
0.0085642
0.0059621
0.0049109
0.0045907
0.0035438
0.019329
0.0097502
0.0062031
0.0074676
0.010319
0.0052559
0.0083109
0.0084199
0.0092347
0.0066701
0.0078671
0.0045923
0.0045852
0.0061679
0.0059511
0.0072255
0.00043222
0.0022976
0.0033514
0.0020881
0.0014921
0.0042288
0.0036085
0.0010236
0.00090101
0.0027055
0.0022335
0.0032638
0.0019889
0.002285
0.0017471
0.0012059
0.00089993
0.0014035
0.0017929
0.0033191
0.0029737
0.0016168
0.0014464
0.00065557
0.0022928
0.001286
0.0028979
0.0031252
0.0016367
0.0015284
0.0011613
0.001728
0.0014601
0.0018206
0.0035775
0.0045034
0.0032461
0.0018394
0.0037769
0.0024853
0.0019236
0.0012444
0.0025008
0.0044983
0.0027162
0.0036242
0.0028691
0.002819
0.00042341
0.00094342
0.0004155
0.00017239
0.00048632
0.00062823
0.00027816
0.00019817
0.0015521
0.0031011
0.0037533
0.0016497
0.00092675
0.001095
0.0013081
0.00093777
0.00097397
0.002193
0.0038956
0.0013503
0.00062742
0.0010754
0.0014556
0.00070145
0.0037709
0.0016718
0.00036535
0.0013576
0.0015283
0.00066
0.001631
0.0022942
0.00055362
0.00070117
0.0015654
0.0015258
0.0011
0.00060518
0.0017454
0.00097769
0.0015863
0.0026368
0.0031814
0.0017117
0.001134
0.0023236
0.001223
0.00031465
0.0072397
0.004241
0.0011071
0.0029712
0.0014261
0.0029173
0.0044522
0.0026246
0.0068462
0.0014631
0.00083499
0.0013286
0.0056919
0.00043569
0.00077436
0.0022504
0.0034641
0.0014038
0.00057759
0.0008793
0.0016571
0.00029576
0.00081802
0.005389
0.0032569
0.0019459
0.0018235
0.00058484
0.00040502
0.0023907
0.0024026
0.00068251
0.00016832
0.00050234
0.00051869
0.00041352
0.00044731
0.00075957
0.0006551
0.00070106
4.9122e-05
0.0011393
0.0014177
0.0011533
0.00010018
0.001363
0.00024317
0.00014001
0.00030054
0.00063986
0.00052987
0.00036339
0.00027854
0.00079691
0.00022728
0.00052965
0
0
0
0
0
0.00070836
0.001184
0.00013429
0.00031447
0.0016393
0.00055552
0.00078158
0.00085646
0.00029498
0.00030251
0.00031613
3.0989e-05
0.00071944
0.00033117
0.00082247
0.00042551
0.00099944
0.00068143
0
0.00028007
0.00057891
0.0014769
0.00024698
0.0010114
0.0001838
0.00044351
0.00013074
0.0011392
0.00041301
0.00055598
0.00055453
0.00022339
0.00044523
0.00040828
0.0013222
0
0.00034494
0.00085807
0.00017528
0.00051402
0.00080036
0.00075037
0
0.00021477
0.00031093
0.00055688
0
5.9063e-05
0.0013059
0.0017178
0.00018251
0.00023679
0.00031286
0.0008868
0.0027619
8.3946e-05
0.00012109
0
0.00023022
0.00011626
4.4545e-05
7.6437e-05
0.00011743
0.001389
0.00058586
0.00033582
0.00026547
0.00042007
0
0.00013005
0.00088566
0.0010305
0.00025499
9.7828e-05
0.0001789
6.8653e-05
0.00028268
0.00027783
0.00087991
0.00049695
6.7375e-05
0.00016161
0.00016054
0.00056621
0
0.00077091
0.0016911
0.00072975
0.00041442
0.00020304
0.00021089
1.1287e-05
0.00069543
0.0011509
0.00071929
0
0.00048495
0.00030947
6.4229e-05
0.00014623
0.00012269
0.00055488
0.00046963
0.0011958
0.00033444
0.0014951
0.0003822
0.0005751
0.00019098
0.00066889
0.0007989
0.00074559
0.00012795
0.0011814
0.00071637
0.00034568
0.00062673
0.0010534
0.0017059
0.00033471
0.00052942
0.00078026
0.0008415
0.0015134
0.0007458
0.00013745
0.00024484
0.00034466
0.0011137
0.0013313
0.0013538
0
0
0
0
0.00039514
0.00053026
0
0.00021222
0
0
0
0
0
0
0
0
0
0
8.8608e-05
0.00011087
0
0
0
0
0.00043607
0.00041055
0.0016665
0.0012133
0.0001647
5.4669e-05
0.00031205
0.00035533
0
5.2614e-05
0
0.0011255
0.00091012
0.000148
0.00032892
0
0.00073878
0.0012484
0.0020394
0.0017442
0.0005749
0.00075012
0.00048564
0.0011198
6.4533e-05
0.00014673
0.00031634
0.00040263
0.00095905
0.0011206
0.0010578
0.00037643
0
0
0.001255
0.0022651
0.0004809
0.00059527
0.00014056
0
0
0
0
0
0.00019371
0.00020896
0
0.00023141
0.00035546
0.00075891
9.3988e-05
7.5785e-05
0.00024833
0.00044329
0.00023605
0.00017313
4.5637e-05
0.00020941
0.00024843
0.00011346
0
0
0.00011244
0.00018529
0.00022587
0.001519
0.0014766
8.5978e-05
0.00013042
2.5238e-05
0
8.6311e-05
0
0
0.00031444
0.00011532
0.00010949
0.0002785
0.00041317
0.00033473
0.0003438
0.00039322
0.0015331
0.0011682
0.00027143
0.00015609
0.00024114
0.00018274
9.8618e-05
0.00012665
0
0.00026899
0.00027097
0.00019385
0.00074543
0.00042814
0
0
0
0
0
0
0
0
0
0
0
0
0
0
0
0
0.00044985
0.00082227
0.0012131
0.00067838
0.00039214
0.00045756
0.00045862
0.00029957
0
0.00043312
0.00066312
0.0001733
9.531e-05
0.00086177
0.00049736
2.5043e-05
0.00052792
0.0015935
0.0012268
0.00083857
0.00025284
0.00064041
0.00049257
0.00058608
8.4016e-05
0.0004333
0.00027855
0
0
0.00016253
0.00075288
0.00015321
0.00027461
0.0008858
0.0017828
0.00026394
0
0.00011116
0
0
0.0011678
0.00059976
3.9254e-05
0
0.00047051
0.00058814
0.0007189
0.0011397
0.0018297
0.00090533
0.0001394
0.00057912
0.00054005
0
0.00016665
0.0007738
0.00037712
0
0
0
0.0003183
0.0001326
0.00078264
0.00061089
6.2685e-05
0
0.00053158
0.0003857
0.00023679
4.0964e-05
4.1173e-05
6.7229e-05
0.00022906
0.00011398
0
0.00016008
0.00047128
0.00022187
0
0
2.18e-05
0.00019722
0.00028064
0.00015553
0.00027507
6.4533e-06
0
0
0
0.0019348
0.00016001
0
0.00052944
0.00043848
0
0
0.0024061
0.0009996
7.7178e-05
3.3606e-05
0.00018966
0.0014835
0.00087157
0.00025928
0.00043908
0.00038273
0.00082056
0.0010439
0.00081868
0.00050086
1.3373e-05
7.2109e-05
0.00028993
0.00030283
0.00011597
0.00035514
0.00048675
0
0.00012745
0.00065213
3.3715e-05
0
0
0.00068735
0.00063752
0.00021129
0.00031101
0.00038687
0
0.00019218
0
0
0
0
1.1067e-05
0.00048088
0.00040434
0.00012279
2.0347e-05
0
0
0
5.6714e-05
3.0751e-05
0.00063156
0.0016077
0.00043486
0.00044303
0
0.0010372
0.00016081
0
0.0021301
0.00085596
0.00010718
0.0010075
0
0.00041461
0.00086725
0.0015287
0.0019515
0.00047541
0.00038192
0.0017679
0.00072811
0.00042978
0.002849
0.00030586
0.0041441
0.00043151
0
0.00012366
0.002302
0
0
0.00080306
0.0019376
0.00015871
0
0.00035444
0.0022015
0
0.00040083
0.00073914
0.0028467
0.0002988
8.5154e-05
0.00073327
0.0015636
4.9147e-05
0.00025835
0.0018447
0.00065925
0.00064747
0.0002713
0
0.00012374
3.039e-05
0.00036506
0.0027483
0.00083731
0.00041081
0.00016043
0
0
0.00039527
0.00080821
0.00041286
0.0016246
0.00075552
0.00087776
0
0
0.00025819
0.00032953
0.00027992
