0.019299
0.026496
0.034846
0.040936
0.0363
0.024022
0.03108
0.041753
0.004235
0.0070497
0.01548
0.011787
0.0040254
0.00088741
0.0045708
0.0042754
0.0063207
0.0044282
0.0033068
0.011732
0.009779
0.0073793
0.018543
0.030279
0.0050046
0.0084144
0.0074894
0.0079869
0.0078382
0.0041823
0.0014767
0.001765
0.0037392
0.0066042
0.0085703
0.0094304
0.014658
0.011573
0.0064893
0.0054333
0.0022275
0.00094425
0.002236
0.0005793
0.00035871
0.00014145
0.0015811
0.001337
0.00087615
0.0010455
0.0030342
0.0030055
0.0010073
0.00022161
0.0012782
0.00076083
0.0011884
0.00027105
0.00028924
0.00052232
0.00044275
0.00094421
0.0015979
0.0072187
0.0014392
0.00075109
0.00082666
0.006928
0.004556
0.0022928
0.0013716
0.014507
0
0.00021636
0.0070646
0.0030753
0
0
0.00073389
0.00038115
0.0010674
0.0043917
0.0028337
0.0040426
0.0026594
0.00043192
0.00077348
0.0017402
0.0016157
0.0026434
0.0017188
0.0047485
0.0040188
0.001616
0.0047584
0.0016871
0.0013207
0.00070856
0.00047885
0.00053435
0.00033983
0.0025362
0.01029
0.0043167
0
0
0.004452
0.00081401
0
0
0
0
0.0010237
0.00067799
0.0016249
0.0013379
0
0
0.00018537
0.00025551
0.0025517
0.0025282
0.0053342
0.0015682
0.0017552
0.0027803
0.00072885
0.0014828
0.0020644
0.0045819
0.0030607
0.005083
0.0070579
0.0068108
0.0047206
0.0050561
0.0014452
0.0039977
0.00050705
0.0025538
0.00054298
0.00086032
0
0
0.0024793
0.0037387
0.0011259
0.0032812
0.006357
0.003322
0.00060626
0.0015095
0
0
0.00025943
0.0024324
0.0058049
0.0017712
0.0024547
0.00055149
0
0
0
0
0.00097787
0.00029357
0
0
0
0
0
0
0
0
0
0
2.7346e-05
0.00041503
0.000463
0.00024056
0.00035871
4.6569e-05
0
0
0
0
0
0.0011587
0.00032417
0
0
0
0.00027145
0.00027992
0.00014931
0.00031142
0
0
3.9863e-05
8.2459e-05
0.00013764
0
0
0
0
1.7295e-05
0.00019207
0.00028221
0.00091848
2.7686e-05
4.8341e-05
0.00036181
0.00026623
0.00017563
0.00020161
0.0054602
0.00038059
0
0.00010076
0.00030942
2.1619e-05
0
0
0.0064255
0
0
0
0
0
0
0
0.0074821
0.00060402
0.00032579
0.00027512
0.00016543
0
5.6209e-05
0.00035694
7.0712e-05
0.0014959
0.00020342
0.0012784
6.2955e-05
0
3.8673e-05
0.00080462
0.0011442
0.00068664
0.00011176
0.00078204
0.00038951
0.00045294
0.00022161
0.0012193
0.00060055
1.8344e-05
0.00048972
0.0017925
0.0011799
0.00023015
0
0
3.9154e-05
0.00013227
0.00026119
0.00042039
7.6445e-05
0.00011128
0.0005379
0.00082562
0.00028575
0
0
0
0
6.525e-05
0.00015458
0.00040982
4.6569e-05
0.00018055
0.00051057
0.00050814
2.6301e-05
0.0017052
0.0022928
0.00081605
0.00011233
0.00037978
0
9.1301e-05
0.0062648
0.0015758
0
0.00011968
0.00038953
0
0
0.0028675
0.00087047
0
0
0.00017615
0.00012207
0
0
0.0014168
0.0014804
0
0
0.00073204
0.00024192
0
0.00014707
0.00091061
0.0017429
0.0012381
0.00027717
0.00076562
0.0014211
0.00091455
0.001059
0.00067775
0.0011877
0.0010762
4.4516e-05
9.3538e-05
0.00031671
0.00013054
0.00034943
0.0001925
0.00049272
0.0028139
0.00025115
0.00025668
0
0.00022334
0.00033256
0.00071447
0.00066138
0.00042234
0.00032811
0.0002148
0.00011595
3.9863e-05
9.5529e-05
8.1717e-05
0.00025014
2.7346e-05
0.0022067
0.0046288
0.00022361
0
0
0
0
0
0
0
0
0
0
0.0011288
0.00032572
0
0
0
0
0
0
0.001663
0.00015945
0
0
0
0
0
0
0
0
0
0
0
0
0.00015287
0.001853
0.00071754
0.00099832
0
0.00011024
9.4828e-05
0.00014163
0.00051183
0.0022081
0.0010348
0.0030451
0.00049266
0.00087747
0.0040215
0.0007898
0.00033277
0.00042924
0.0002659
0.00052319
0.00034109
0.00021804
0.00012295
0.00021979
0.00055372
0.00080292
0.00057015
0.00063207
0.00031248
0.00025593
0.002581
0.00062252
0
0
0
0
0
7.3631e-05
0.002876
0.0013415
0
0
0
0
0
0
0
0
0
0.00021636
0.0038184
0
0
0
0
0
0
0
0
0
0
0
0
0
0
0
0
0
0
0
0
0
0
0
0.00031097
0.00015753
0
8.2606e-05
0
0
0.00070707
0.0013971
0.0027569
0.00030969
0.0010111
0.00022026
0.0004478
0.00048358
0.0013307
0.0021762
0.00065179
0.00075402
0.0013607
0.0013236
0.0013495
0.0019839
0.0012746
0.0019959
0.0010865
0.00011114
0.00012985
0.00096949
0.0017373
0.0028997
0
0
0
0
0
0
0
0
0
0
0.00084158
0.00061734
0
0
0
0
9.8146e-05
0
0.0009369
0.0014347
0
0
0
9.5867e-05
0.00024865
0.00043852
0.00027071
0
0
0
0
0
0.0022323
0.0011311
0.00069597
0
0
0.0014809
0.00020931
0.0013549
0
0
0.00056968
0.00084904
0.00016564
8.2606e-05
0
0
0.00015667
0.0010228
0.0016023
0.0014366
0.0010425
0.0022134
0.0024357
0.00020326
0.00021123
0
0
0.0012121
0.0039969
0.0020655
0
0
0
0
0
0
0
0
0
0
0.00080069
0.0015217
0
0
0
0
0
0
0.0023557
0.0011975
0
0
0.00017448
0.00025186
0.00017268
0.00053051
0.00075522
0.00047394
0.00089469
0
0.00031506
0.00028843
0.00037508
0.00090042
0
0
0.0010462
0.0020176
0.0028317
0.0014985
0.00089068
0.00062512
0
0
0
0.00055354
0.0027111
0
0
0
0
0
0
0
0.0023423
0.00053236
0
0
0
0
0
0
0
0
0
0
0
0
0
0
0
0
0
0
0.000419
0.002476
0.00050705
0.0012947
0.00054298
0.00066364
0
0
6.2359e-05
0.0021152
0.00025284
0
0.00066037
0.00125
5.2065e-05
0
5.6375e-05
0.00019149
0.0002822
0.00030308
0.0020821
0.0011979
0.00013902
0.00017939
0
0
0
0
0.00029818
0.0017171
0.0017215
5.881e-05
0
0
0
0
0
0
0
0
0
0
0
0
0
0
0
0
0
0
0
0
0
0
0
0
