0.036883
0.029254
0.0259
0.03828
0.04198
0.021948
0.022212
0.037494
0.0096745
0.0055014
0.009718
0.012299
0.0096515
0.0069499
0.0066727
0.0086808
0.0088827
0.0069312
0.0065391
0.016273
0.0089007
0.0057528
0.0043387
0.013268
0.0095973
0.011071
0.0059381
0.0060853
0.0093989
0.0046365
0.0065921
0.010324
0.0087282
0.0057505
0.0037048
0.0036228
0.014029
0.0046091
0.0046089
0.0052215
0.0040979
0.0012278
0.002602
0.0042659
0.002545
0.0010592
0.0021038
0.0018205
0.0022096
0.00064332
0.0020702
0.0046306
0.0022728
0.0021321
0.0030742
0.004696
0.0014094
3.902e-05
0.00041608
0.0027035
0.00027576
0.00020567
0.00030643
0.0046794
0.0025745
0.00058492
0.00055138
0.0028545
0.0017589
0.0015695
0.00086194
0.0018867
0.0013568
0.0022333
0.0030899
0.0015492
0.00095332
0.0009596
0.00019794
0.00079176
0.001627
0.0011856
0.0018015
0.00147
0.0036922
0.0026351
0.0010369
0.0010966
0.0043607
0.0031994
0.0023099
0.004734
0.004938
0.0025851
0.0016505
0.0031111
0.0009213
0.0025727
0.0033176
0.0059487
0.0017006
0.0013695
0.0012155
0.0035606
0.0020086
0.0016228
0.0012645
0.00041963
0.00054207
0.0012376
0.0017064
0.0027109
0.0032711
0.0019582
0.0032961
0.0015968
0.0014992
0.0017295
0.0022392
0.0036715
0.0028177
0.0020474
0.0015332
0.002158
0.0017788
0.001144
0.0013186
0.0027481
0.0018496
0.00088971
0.00045541
0.0012281
0.0037493
0.0010385
0.0011483
0.0010038
0.0018895
0.0066348
0.0011313
0.0025477
0.0041118
0.0005147
0.0017826
0.0017786
0.0021613
0.0010328
0.00028129
0.0014881
0.0031789
0.0012112
0.0011238
0.0022674
0.0033446
0.0016731
0.00035595
0.00018867
0.0062786
0.00098998
0.00080859
0.00071268
0.00078357
0.0012268
0.0011755
0.00013068
0.0024916
0.0014193
0.0015497
0.00046279
0.00074997
0.00034663
0.00015766
0.00054585
0.00016175
0.00085895
0.0020041
0.00029683
0.0021324
0.00030586
0.00035969
0.0017402
0.0010762
0
0
0.0013201
0.00077108
0.00016967
0.0013237
0.0016093
0.00022603
0.00031948
0.00033752
0.002344
0.00032655
0.00017148
0.00011042
0.001764
0.0016442
0.00017966
0.00035469
0.0014452
0.00036638
0
0
0.00047072
0
0
0
0.0010474
0.00015548
0
0
0
0
0
0
0.00053505
0
0
0
0
0
0
0
0
0.00015504
0.0003203
0.00046129
0
0.00013595
0.001096
0.00034463
0
0.0002641
0.00014465
0.0014542
0.00029638
0.001307
0.0002002
5.0319e-05
0
0.00091999
0.00038803
0.00047051
0.0015419
0
0
4.9348e-05
3.9845e-05
0
0
0
0.00023486
0.00015698
0.0009203
0.0011622
0.000201
0.0010157
0.00013107
0.0004472
0.00087865
0.00012858
0.00057342
0.0012198
0.00068608
0.00056291
0.00021012
0.00040409
0.0015916
6.723e-05
0
3.6995e-05
0.00049292
8.3649e-05
0
0.00016182
0.0005315
0.00020853
0.00020567
0.00022625
0.0026648
0.0019854
4.3341e-05
0
0.0023273
0.00036445
0
0
0.0011026
0.00050419
0
9.0089e-05
0.0008834
0.0010851
0.00030721
0.00039719
0.00059947
0.00033483
0.00032517
0.00011948
8.2723e-05
0.00040223
0.00064387
5.9451e-05
3.5533e-05
0
0.00012367
0.0023731
0.0013057
0.00016429
0
0
0
0
0
0.00032313
0.00017604
0.00071279
0.00015313
9.2882e-05
9.8096e-05
0.00054469
0.00010581
4.9811e-05
0.00014453
0.0012398
0.0010332
0.00011948
0.0002402
0.0012716
0.00045664
0.00026047
0.00065006
0.0010123
0.00016756
0.00046298
0.00071008
0.00097028
0.00048679
0.00043471
0.0023865
0.0013947
0.00020671
0.00029494
0.00078415
0
8.2723e-05
0.00039188
0.0021892
6.3e-05
0.00031162
0.00024943
0.00087054
0.00018882
0.00065094
0.00014842
2.5764e-05
2.0431e-05
5.647e-05
5.4935e-05
0.0010264
0.0003572
0.00039838
0.00022206
0
9.6537e-05
7.0137e-05
6.8518e-05
9.0837e-05
0.00053469
0.0012572
0.00037149
9.105e-05
0.0001767
0.00024559
0
0.00066539
0.00017015
0.00026455
0.00032997
0.00043605
0.0010004
0.00057144
0.00036428
0.00022623
0.00091212
0.00055732
0.00087889
0.00049768
0.00069335
0.00075559
0.00049689
0.00037501
0.00098848
0.00080396
0.00089847
0.00084081
0.0012024
0.0011171
0.00030459
0.0010247
0.00094572
0.00087484
0.00062647
0.00058904
0.00087684
0.00062553
0.00027477
0.00045541
0.00054923
0.00082054
0.0012238
0.0014406
0.00090105
0.00056435
0.00056899
0.0009399
0.00017005
0.00093368
0.0014137
0.0020436
0.0011392
0.00050811
0.00059618
0.00071201
0.0001077
0.00034229
0.00036673
5.9082e-05
0
0
9.3667e-05
0
6.16e-05
0.00020393
0.00047297
0.00029766
0.00018849
0.00034746
0.00036276
0.00049848
0.00014165
7.7425e-05
0.0007557
0.00041166
0.00055687
0.00083249
0.00037653
0.00061791
0.000649
0.0011872
0.0014071
0.0005652
0.00039439
0.00048661
0.00090609
0.00072055
0.00070186
0.00028309
0.00027141
0.00067931
0.00074621
0.00074866
0.0005715
0.0011251
0.00046108
0.0015244
0.00076197
0.00058464
0.00037075
0.00019244
9.7886e-05
0.00028763
0.0004876
0.00054626
0.00018027
0.00089013
0.00024104
0.00034035
0.00048032
0.00049789
8.0032e-05
0.0002244
0.00011032
0
0.00044897
0.00054911
0.00078577
0.00012224
0.00012535
0.00047866
0.00030035
2.4047e-05
0
3.8845e-05
0.00057443
0.0009528
0.0014605
0.00040191
4.0694e-05
3.8845e-05
0.00035358
0.00085127
0.00031598
0.00067793
0.0012636
0.0007346
0.00085535
9.2901e-05
0
0.00019446
0.00042011
0.0010177
0.0011016
0
0.00076849
0.00034762
0.00035659
0.00013904
0.00041945
0.00092945
0.00049464
0.0001773
0.00018379
0.00050862
0.00015122
0.00023597
0.00016705
0.00041781
0.00065158
0.00026029
0.00023599
8.4361e-05
0.00061175
0.00016492
0.00026697
0.00062582
0.00065978
0.00017659
7.6757e-05
0.00026761
0.00017925
0.00017757
0.0001873
0.00045155
0.00067404
0.00016702
0
0.00042657
0.0016352
0.00034105
0
0.00011301
0.00014176
0.0012084
0.00015
0.0010106
0.00041425
3.35e-05
0.0011782
0.0013575
0.0006833
0.0010048
0.00011297
0.00017991
0
0
0
0.00011699
0.00018982
3.8491e-05
0
0
6.6023e-05
7.2045e-05
0.00014722
0.00039037
5.8873e-05
0.00017708
0.00017183
0.00013656
0.00028576
0.00041726
0.00076315
9.8524e-05
0.00052557
3.3347e-05
0.0001579
0
0.0011825
0
0
0.00014429
0.00051464
0.00097523
0.00014183
4.1732e-05
0.0031808
0.00010903
0.00011342
0.00033889
0.00018241
0.00012706
0
0
0.0025246
0.0001189
0.00078733
0.00035099
6.4529e-05
0.00023274
0.0003526
1.8497e-05
0.0010646
5.5875e-05
3.4108e-05
4.5947e-05
0.00023542
0.0042011
0
0.00034408
0.0017348
0
4.1568e-05
0
0.00027276
0.00026838
0.0008571
0.0010132
0.0017112
0.0004812
0.00095572
0.00037276
0.001103
0.00049394
0
0.00053163
0.0024556
0.00045181
7.4818e-05
0.0005328
6.6308e-05
7.3666e-05
3.6436e-05
0.00072905
0.00057983
0.00043734
0.00025564
0.00055661
0.00060089
0.00025475
0
0.00018093
0.0013
0.00017757
0.00021405
0.00013684
0.00045755
0.00059396
0.0002172
9.3105e-05
5.2795e-05
0.00020989
0.0002319
0.0001576
0.00012981
0.00032775
4.9149e-05
9.5562e-05
0.00030073
0.00049051
0.0004574
2.2503e-05
0.00028612
0.00038664
0.00042206
0.00011219
0.00029802
0.00041722
0.00015773
3.5916e-05
