0.032699
0.032691
0.028384
0.03807
0.029666
0.028935
0.035523
0.025656
0.0059299
0.0019628
0.01068
0.0092714
0.0046363
0.0046261
0.0039662
0.010535
0.0063549
0.010651
0.0083587
0.0068122
0.0018844
0.0081639
0.015736
0.0064591
0.0097158
0.013048
0.0036638
0.0066222
0.017596
0.0022302
0.00042449
0.0035805
0.010699
0.0070294
0.0056812
0.015364
0.0055493
0.013914
0.015396
0.0050812
0.0027896
0.00021193
0.004572
0.00051802
0
0
0.00026825
0.0017894
0.0014507
0
0.0009756
6.5682e-05
0.00030359
0.0021039
0.0028759
0.0069841
0.00078923
0.0018094
0.0018583
0.0038047
0
0.002804
0.0036427
0.0002581
0.00028898
0
0.00020727
0.00093719
0
0
0.00387
0.00069084
0
0
0.0023062
0.0028477
0
0
0
0
0.0016233
0.0016349
0.0028267
0.00584
0.0043327
0.0025222
0.00082211
0.0017619
0.0029564
0.0049191
0.0015244
0.00017114
0.0002091
0.00047586
0.00044741
0.00067197
0.0023049
0.0037098
0.0042612
0.0018991
0.0016753
0.0042354
0.0077758
0.0047686
0.0011788
0.0016089
0
0
0
0
0
0
0.0079215
0.002681
0.0029206
0.0011841
0.0001368
0.00015936
0.00033281
0.003269
0.0056337
0.0011948
0.0011464
0.0015115
0.00039815
0.0010896
0.0021854
0.0032372
0.0032636
0.0036937
0.0011914
0.0010311
0.00036328
0.010105
0.0022294
0.0001748
0.00035455
0.0083456
0.00035259
0.0040064
0.0038829
0
0
0
0
0.0004662
0.00039058
0.0014317
0.013234
0.0018876
0
0
0.00074269
0.00089176
0.00073652
0.0068682
0.0039768
0.0011059
0.0010867
0
0.0014014
0.0012339
0.0029984
0.0059532
0.0011529
0.0024462
0.0092468
0.0020504
0.00061003
9.6424e-05
0.00011396
0
0
0
0
0.00029627
0.0021795
0
0
0
0
0
0
0.00097622
0.0014507
0
0
0
0
0
0
0.0020735
0
0
0
0
0
0
0
0.0015522
0
0
0
0
0
0
0
0
0.00025835
0.0016828
0.0014629
0.0014069
0
0.002804
0.0034561
5.0289e-05
0
0
0
0
0
0
0
0
0
0
0
0
0
0
0
0
0
0
0.001039
0.00045383
0
0
0
0
0
0.0001155
0.0029708
6.4193e-05
0
0
5.246e-05
0.00030854
0
0
0.0009306
6.5682e-05
0
9.6501e-05
0.0015658
0.000804
0
0
0
0
0.00017223
0.00081063
0.00023613
0.0027628
0.00053089
0.00012667
2.6999e-05
0
0
0.00098665
0.00094784
0
0
0
0.00036839
0.0018808
0
0
5.9e-05
0
0.00028898
0
0.00020727
0.0011772
0
0
0.0033755
0.00089865
0
0
0
0
0
0
0
0
0
0
0
0
0
0
0
0
0
0
0.0026006
0.0024426
0
0
0
0
0.00075443
0
0.00087904
0.00446
0.0017721
0.00049815
0.00053041
0.00094266
0.00081982
0.00090801
0.00077708
0.0017851
0.0024977
0.00067664
0.00019745
0.000418
0.0005767
0
0
0
0.0002091
0.00128
0.00043909
0.00049474
0.0013968
0.0011748
0
0
0
0
0
0
0.0016707
0.0013199
0.00051237
0.0009045
0
0.002093
0.0029473
0.0015052
0
0
0
0
0
0
0.00063915
0.00036425
0
0
0
0
0
0
0
0
0
0
0
0
0
0
0
0
0
0.00059866
0.0013242
0
0.00019423
0.00062585
1.2197e-05
0
0
0
0
0
0
0
3.556e-05
0
0.00043204
0.00015133
0
0
0
0.00010827
0.00010469
0.00029837
0.00013698
0.0029162
0.00073843
7.9138e-05
0
1.9285e-05
0
0.00012263
0.00099825
0.00069315
0.0010247
0.0012717
0.0013724
0.0006721
0.0012486
0.0011093
0
0.0023743
0.0020253
0
0.00030288
0.00086192
0.0028314
0.0018597
0
0
0
0
0
0
0
0
0
0
0
0
0
0
0
0
0
0.00028038
0.0010574
0
0
0
0
0
0.0011145
0.0012701
0.00028637
0
0
0
5.4546e-06
1.3907e-05
0.0017397
0.00019561
6.7469e-05
9.2003e-05
0
0.00015983
0.00042962
0.00057946
0.00035592
0.00012074
0.0013804
0.00033738
0.00036498
0.0001286
0.00024635
0.00067539
0.00085835
0.00098988
0.001654
0.0016735
0.00036328
0.00098196
0.00097301
0.0001208
5.0731e-05
0.00059931
0.00072075
0
0
0.0047941
0
0
0
0
0
0
0
0
0
0
0.00054542
0.00094564
0
0
0
0
0
0
0.0035174
0.0002057
0.00041585
0
0
0
0
0.00068448
0.0023766
0.00052984
0.0012061
0.00056141
0
0
0.00033281
0.0022046
0.0012239
0.00015504
0
0.00062271
3.3179e-05
0.00080113
0.00093272
0.0019198
0.00098151
0.00040972
0
0
0
0
0
0.00042728
0.0030667
0.0025512
0
0
0
0.0020284
0.0012311
0.00014279
0
0
0
0
0
0.0029086
0
0
0
0
0
0
0
0
0
0
0.00032746
0.0057786
0
0
0
0
0
0
7.419e-05
0.00085564
0.00039058
0.00030141
0.00087646
0.0010184
0
0
0
0
0
0
0.00141
0.00015936
0
0
0
0
9.1028e-05
0.0028177
0.0026552
0.0011059
0.0017083
0
0.002607
0.00089176
0.00011731
0.0023665
0.002131
0
0
0
0
0
0.00069396
0.0044407
0.00055005
0
0.0013305
0
0
0
0
0.00022467
0
0
0.004129
0
0.00035455
0.0016876
0.00035259
0.00033163
0
0
0
0
0
0.0015427
0
0.0036747
0.0034855
0
0
0
0
0
0
0.0011303
0.0053431
0
0
0
0
0
0
0
0.0053293
0.00086919
0
0
0
0
0
0
0
0
0
0
0
0
0.00052819
0.00088008
0
0
0
0
0
5.8367e-05
0.0010609
0.00083246
6.8996e-05
7.8098e-05
6.3259e-05
0.00022374
0.0014014
0
0.00076616
0.001791
0.00053389
0.0023681
0.002172
0.0018266
