0.054625
0.027268
0.030584
0.038541
0.034597
0.022317
0.017581
0.029294
0.012446
0.002767
0.0045687
0.0085811
0.0067881
0.0066279
0.0025636
0.0053426
0.0094573
0.0069108
0.0078363
0.0055839
0.0066154
0.003191
0.005261
0.0092929
0.013967
0.0074554
0.0088435
0.010048
0.0081286
0.0050586
0.0046122
0.0082852
0.018756
0.010135
0.0093358
0.014328
0.013065
0.0074394
0.0051438
0.0063734
0.0034673
0.0013366
0.00078434
0.0011339
9.3856e-05
0
0
0
0.0038877
0.00035501
0
0
0.001321
0.0024777
0.0012053
0.00045665
8.2578e-05
0
0
0
0
0
0
4.5476e-05
0
0.00041463
0
0
0
0
0
0
0.00013411
0.0003941
0.0032423
0.0018735
0.0014362
0.00081678
0.00039434
0.00084302
0.0048144
0.00059923
0.0004042
0.0055452
0.0039371
0.0032601
0.00096393
0.0039286
0.0041104
0.0033749
0.0024181
0.0012066
0.00037255
0.0006959
0.0011709
0.0014681
0.0048421
0.0030352
0.0049235
0.0043296
0.0058087
0.0022672
0.0040287
0.0077793
0.005362
0.0027018
0.0011696
0.00039748
0.00051321
0
0.00028809
0.0018529
0.0086047
0.0044422
0.0034149
0.0030979
0.0021857
0.0035229
0.0026668
0.0059814
0.0028493
0.001796
0.002149
0.003539
0.0027952
0.0022774
0.0031104
0.0037355
0.0064202
0.0050274
0.0027874
0.003361
0.0059733
0.0034853
0.0013028
0.00033751
0
0.00031138
0.0037893
0.0036017
0.00017193
0
0.00011114
0
0
0
0.00046976
0.0028528
0.0048992
0.0015357
0.00077595
0.00019738
0.0015394
0.00048715
0.0015675
0.0025138
0.0016358
0.00031804
0.00054285
0.00068519
0.0075199
0.0029925
0.0033507
0.004554
0.0024464
0.0016599
0.0010193
0.0014222
0
0
0
0
0
0
0
0
0
0
0
0
0
0
0
0
0.0008483
0
0
0
0
0
0
0.00015249
0
0
0
0
0
0.00046995
0.00022001
0.00021383
0
0
0
0
0
0
0
0
0
0
0
0
0
0
0
0
0
0
0
0
0
0
0
0
0
0
0
0
0
0
0
0
0
0
0
0
0
0
0
0
0.0029309
0.0012553
0.00078434
0.00075547
9.3856e-05
0
0
0
0.0033331
0.00035501
0
0
0.001321
0.00093618
0
9.0336e-05
0
0
0
0
0
0.00088863
0.00098533
0
0
0
0
0
0
0
0
0
0
0
0
0
0
0
0
0
0
0
0
0
0
0
0
0
0
0
0
0
0
0
0
0
0
0
0
0
0
0
0
0
0.00037685
0.00030888
0.0030176
0.0019004
0.0014362
0.00081678
0.00039434
0.00084302
0.00067491
0.00030106
0.00038132
0.0025496
0.0012815
0.0025523
5.4314e-05
0.0011689
0.0030912
0
0
0.0030286
0.0024864
0.00087398
0.00053396
0.0022207
0.00016947
0
0
0
0.00025819
0.00019061
0.00014378
0.00019352
8.2578e-05
0.00011129
0.00020572
0.00031599
0
0
5.0596e-05
4.5476e-05
0.0017333
0.0003171
0.0014622
0.0030519
0
3.3435e-06
0.00037763
0.0010612
0.0013843
0.00020041
0.00025344
0.0003321
0.0006806
0
0
0.0026281
0
0
0
0
0
0
0
0
0
0
0
0
0
0
0
0
0
4.0261e-05
0
0
0
0
0
0
0.000675
0.00023508
0.00024752
0.00031845
0.00016924
1.6717e-05
0.00037566
0.00053898
0.00094397
0.00077534
0.00036527
0.00038386
0.00011436
7.3328e-05
0.00026765
0.00067887
0.0020818
0.002316
0.00111
0.00011373
0
0.00034299
0.00040123
0.00020093
0.0017642
0.0014619
0.00038277
0.0003385
0.00029508
0.00053887
0.00055953
0.0031599
0
0.00032125
0.0027361
0.0007096
0.0031625
0.0016289
0.0028164
0.00073961
0
0
0
0
0
0
0
0
0
0
0
0
0
0
0
0
0.00045099
0.00053382
0.00020609
0
0.00023247
0.0005657
0.00035181
0.00022732
0.0042876
0.0024227
5.9247e-05
0
0
0
8.2781e-05
0.0014419
0.0018168
0.00059581
0.00091373
0.00062033
0.00080488
0.0009967
0.001998
0.0018166
4.9704e-05
0.00043916
0.0010832
0.0019729
0.00061107
0.00033148
0.00063025
0.000177
0.00021527
0.0011149
0.00085662
0.00087564
0.0032475
0.00044071
0.00027519
0
0.00083744
0.0020202
0.00093526
0
0.00011358
0.0007889
0.00065145
0
0
0
0
0
0
0
0
0
0.003738
0.0020441
0.00037474
0.00030653
0.00025028
0
0.00028809
0.0011306
0.0022185
0.00035521
0.0006777
0.00030723
0.00091832
0.0013394
0.0011438
0.0024976
0.001538
0.0011305
0.0024173
0.0019105
0.00063828
0.0016177
0.00077788
0.0013181
0.0009055
0.0002575
0.00026206
0.0007322
0.0013256
0.0007538
0.0010538
0.002014
0.00056834
0.00036298
0
0
0
0
0
0.00036365
0.002539
0.0013226
0.00037131
0.0002017
0.00029595
0.00036734
0
2.6113e-05
0.0002301
0.0011207
0.0011463
0.0017836
0.0017522
0.0012183
0.0006244
0.00012176
0
0
0.00048896
0
0
0
0
0
0.0011254
0.00096911
0.0031385
0.0030955
0.00017193
0
0.00011114
0.00072235
0
0
0.00058215
0.0017888
0.002767
0.0008313
0.00042452
0
0
0
0.00011606
0.00089112
0.0015759
0.00038424
0
0
0.00019732
0.00011505
0.00035232
0.0016424
0.0015845
0.00010573
6.0275e-05
9.5784e-05
0.0010955
0.00039609
0.00023449
0.00036241
0.0004977
0.00038695
0.00044543
0.00062168
0.0036338
0.00070103
0.0003941
0.00024429
0.0001453
0.00043848
8.3587e-05
0.00095191
0.0045241
0.0010305
0
6.687e-05
0.00014347
0
0.00010953
0
0
0
0
0
0
0
0
0
0
0
0.00054232
0.00047157
0
0
0
0
0
0
0.0001212
0.00063269
0.00082301
0.0003202
0.00035143
0.00019738
0
0
0
0
0
0
0
0
0
0
0
0
0
0
0
0
0
7.3632e-05
0.00073679
0.00108
0
0
0
0
0.00027106
0.0010637
0.0015286
0.0014828
0.00078581
0.00040801
5.4428e-05
0
1.8005e-05
0.00025026
0.0010319
0.0023244
0.0007943
0.00024395
0
0
