0.032196
0.021054
0.019564
0.060766
0.035485
0.017816
0.015116
0.051721
0.008275
0.0078679
0.0078723
0.02974
0.015354
0.008007
0.0081712
0.025871
0.0095112
0.0054553
0.0020041
0.020017
0.012132
0.0035768
0.0025366
0.01263
0.0068614
0.0055908
0.0070167
0.0061242
0.0051966
0.0046518
0.002792
0.0071739
0.0075487
0.0021402
0.0026712
0.004885
0.0028016
0.00158
0.0016159
0.0060456
0.0037855
0.0043047
0.0041154
0.013803
0.0033853
0.004435
0.0050098
0.0027614
0.0017353
0.0014756
0.00056387
0.0079717
0.0024201
0
0.00056752
0.0058787
0.0015882
0
0
0.0078016
0.0031021
0
0
0.0046969
0.0013616
0.0015875
0.00015829
0.004127
0.0020591
0.0010982
0.00025339
0.0030401
0.0015645
0.0019536
0.0023228
0.0030611
0.0059836
0.0029136
0.0016117
0.015341
0.001069
7.1915e-05
0.00087026
0.0041059
0.0029782
0.00033156
0.00098218
0.0014197
0.0043886
0.00010293
0.00011431
0.0070811
0.0039147
0
7.3232e-05
0.0029871
0.0016912
0.0037399
0.0016876
0.0012789
0.0032753
0.0023722
0.00221
0.0020676
0.0022446
0.0023868
0.0021626
0.0022381
0.00079968
0.002203
0.0014881
0.0010943
0.0019109
0.00080608
0.00086986
0.002797
0.0012606
0.0005818
0.00080572
0.0038366
0.0037407
0.001256
0.0013304
0.0028797
0.0008276
0.00084291
0.00060766
0.0033872
0.0012662
0.00025081
0.00016985
8.3449e-05
0.00054723
0.00018787
0.00020587
0.0010021
0.0022247
0.0017921
0.0027812
0.0013053
0.0020249
0.00064159
0.00049818
0.0014539
0.00037711
0.00042638
0.0011829
0.00023118
0.0013018
0.0015523
0
0.00075469
0.00093793
0.00029888
0.00071714
0.00062564
0.00021692
6.4541e-05
0.00015278
0.00044044
0.0019202
0.00030682
0.00031483
0.0010725
0.001021
0.00057381
0.00064265
0.0012498
0.0020416
0
0
0.0053182
0.00073048
1.8719e-05
0.00030659
0.00021856
0
0.00020481
0.00024208
0.0049536
0.00069521
0.00012549
0
0
0.0010217
9.7237e-05
8.099e-05
0.0017104
0.00031572
0
0
0.00060712
0
0
0
0.0011835
0.00053662
0
0
0.0022769
0.00021102
0
0
0.0007677
0.00033265
0
0
0.0017212
0.00048281
0
0
0.00073842
0.00065633
0
0
0.0012993
0.0010197
0
0
0.0014352
0.00097976
0
0
0.001789
0.00038702
0.0002274
2.131e-05
0.0011055
0.00030887
0
0
0.00097686
0.0015673
0.001092
0.0011286
0.0032577
0.0016582
0.0009143
0.0017612
0.0024303
0.00017662
0.0023832
0.0022208
0.00013404
7.3553e-05
0.0032753
0.0026851
0.00011256
0
0.0018154
0.00025389
0.0010638
9.2145e-05
0
0.00031304
0.00080438
0.00071363
8.5009e-05
0.00030998
0.0037958
0.0012073
0
0.00017603
0.001652
0.00058112
0
0
0.0032363
0.0011971
0
0
0.0015527
0.00024456
0
0
0.0028413
0.00092116
0
0
0.00022609
0
0.0002804
0
0.0016641
0.00020724
9.6484e-05
0
0
2.3678e-05
0.00095728
6.5317e-05
0
0.00024436
0.00037072
4.4114e-05
9.3354e-05
0.00047055
0.00085218
0.00082724
0.0016539
0.0027757
0.00049529
0.00077451
0.0075941
0
0.00081188
0.0012682
0.00029022
0.00012707
0.00057533
0.00056794
0.0021529
0
0
0.00037666
7.0572e-05
0
0
0
0
0.00047462
0
0
0.0011716
0.00069709
0
0.00101
0.00085917
0.0013736
0
0
0.0021334
0.00063164
0
0
0.0011122
0.00084086
5.2012e-05
0
0.0022619
0.00019632
0
7.3232e-05
0.00074699
0.00044955
0.0020305
0.00012306
0.0006296
0.001
0.0005892
0.00017303
0.00021524
0.00023601
0.00033207
0.00027555
0.00021918
0.0012958
0.00085689
0.00044057
0.00034311
0.001094
0
1.3806e-05
0.00081731
0.0026033
0.001256
0
0.0054911
0
0.00039213
0.00046165
0.00023364
0.00038923
0.00045592
0.00052621
8.26e-05
0
7.1915e-05
0.00057883
0.0013492
0.00047329
0
0
0
0.00037683
0
0
0.00071298
0.0012331
0.00026407
5.0672e-05
0.00044415
0.00026092
0
4.6308e-05
0.0013569
0.0014431
0
0
0.00076515
0.0011011
5.092e-05
4.5235e-05
0.0010508
0.0011218
0
0
0.00048086
0.00044244
0.00046934
0.0004329
0.00030694
0.00082276
0.00044206
0.00075997
0.00078108
0.00054921
0.00066175
0.00080116
0.00033888
0.00047814
0.00012917
0.0002321
0.00027142
0
0
0.00014799
0.00069407
0.00075455
0.0021067
0.00015829
0
0
0
0.00016752
0.00016017
3.8544e-05
5.125e-05
0.00018118
0.00029108
0.00068955
0.00027307
0.00038981
0.0006376
0.00024678
0
0
0.00040494
0.00013019
0
9.471e-06
0.0017299
0.00065708
0.00022101
0.00018493
0.00059733
0.0017195
0.00070005
0.00070275
0.00074525
0.00067334
0
7.4819e-05
0.00056902
0.00020995
4.6999e-05
0.00019355
0.00096214
0.00045721
0.00046841
0.00048075
0.00071396
0
0.00014385
0.00028535
3.7235e-05
0.00013722
4.6314e-05
8.2918e-05
0
0.00013069
0.00021928
0
6.1234e-05
3.0872e-05
0.00014452
2.5336e-05
0.00031744
0.00087681
0.00083223
0.0011267
0.0011722
0.00011006
0.00016839
0.0011487
0.00045202
0.0012351
0.0012034
0.00030718
0.00016653
3.7437e-05
0
0
0.00030294
0.0007117
0.00036452
0.00019225
0.00011575
9.6307e-05
0
0.0002593
0.0015954
0.00034932
0.00010317
0.0001626
0.00040041
0.00035103
0.0001146
0.00029993
0.0012096
0.00042736
9.6098e-05
0.00021594
0.00086881
0
0
0.00011365
0.00088257
0.00052703
0.00035394
4.1045e-05
0.00088051
0.0001736
0.0003745
0
0.00017774
0.00099249
0.00010176
6.6403e-05
5.5655e-05
0.00015451
0
0
8.3713e-06
0.00027798
0.00012416
0.00010345
1.072e-05
0.00027577
2.861e-05
9.7619e-05
0.00078666
0.00020157
0.00056394
0.00086028
0.00039243
0.00049865
0.00016343
0.00014806
0.00054342
5.2945e-05
0.00024492
0.0015267
0
0
0
0
0
0
2.5336e-05
0.00013126
3.2508e-05
0.0012003
0.0017176
0
0
0
0.00015951
0.00046184
0.00014832
0.0002058
0
0
0
0.00037676
0.00028994
0.00040118
0.00020859
0.00012916
0
0
0.00097785
0.0012315
0
0
2.746e-05
0
0
0
0.00020102
0
0
0
0
0
0
0
0
0.0011583
9.474e-05
0.0001111
0.00054698
0.00049576
0.00027173
0.00025335
0.00068897
0.0010028
0.00016934
0.00059366
0.0005114
0.00048321
0.00014754
0.00021279
0.0006484
0.00041491
0.00063418
0.00019661
0.00035152
0.00095976
0.0001695
0
0
6.8349e-05
0.00010661
0.00045967
9.8427e-05
0
0.00024172
0
0.00027614
1.8032e-05
0
0.00016911
7.7472e-05
2.3499e-05
2.5501e-05
0
0
0.00030028
6.0829e-05
0.0002111
0.00015029
5.7829e-05
2.0978e-05
0
4.2188e-05
8.5014e-05
0
0.00010407
0.00019662
8.7759e-05
4.3563e-05
0.00015278
0.0001067
0.00015877
0
0
0
0
0
0
0
0.0001265
0
0
6.0644e-05
0.00022124
4.1588e-05
3.2161e-05
0
