0.043841
0.023899
0.024558
0.03302
0.037473
0.023809
0.030754
0.041543
0.010215
0.0061504
0.0063693
0.0068347
0.0058678
0.0053722
0.0036084
0.0054904
0.011758
0.0091373
0.0086516
0.011998
0.018549
0.0098457
0.014719
0.017078
0.0057084
0.0068977
0.0076127
0.0063241
0.0032527
0.0042231
0.0067907
0.0095209
0.01616
0.0017136
0.0019244
0.0078634
0.0098031
0.0043675
0.0056353
0.0094539
0
0
0
0
0.0017068
0.00020586
0
0
0.0023322
0.0030614
0.0020306
0.0024639
0.0011361
0.0032352
0.0026763
0.0018936
0.00050856
0
0
0.0029844
0.0056152
0
0
0.00063138
0.0017469
0.0015184
0.003818
0.0051352
0.0062158
0.0024378
0.0048287
0.004182
0.0047154
0.0023521
0.0031661
0.0014229
0.00052995
5.4302e-05
0
0.000559
0.0026948
0.00049031
0.00089603
0.0026623
0.0024319
0.001817
0.00093219
0.0029084
0.0061694
0.0052082
0.0011723
0.002156
0.0040398
0.0028911
0.0027689
0.0077657
0.0032785
0.0017391
0.0020586
0.0017357
0.0026057
0.0037807
0.0051694
0.004112
0.001062
0.0031082
0.0034556
0.0019497
0.00017081
0.00020649
0.0018709
0.0018982
0.0021945
0.0022092
0.0011724
0.0010672
0.00095859
0.00068908
0.0018597
0.0021645
0.00032022
0.00020174
0.0012488
0.0017962
0.0041368
0.000795
0.00096102
0.0024416
0.0062451
0.0013844
0.00079998
0.0038661
0.0041484
0.0023272
0.003806
0.0015787
0
0
0.00047257
0.00073872
0
0.00026028
0.0010624
0.0014166
0.0024518
0.0016089
0.0027886
0.0026204
0.0020762
0.0023148
0.0018841
0.004055
0.0050449
0.0003065
0
0
0
0.00075247
0
0.0018065
0.0046294
3.8846e-05
0
0.0019438
0.00099764
0.00061672
0.00084729
0.002765
0
0
0
0
0
0
0
0
0
0
0
0
0
0
0
0
0
0
0
0.00064264
0.00045824
0.00094151
0
0.00032927
0
0
0.00049198
0.00027023
0.00015426
0
0
0
0
0
0
0
0
0
0
0
0
0
0
0
0
0
0
0
0.00082717
0
0
0
0
0
9.7664e-05
0.00081344
0.00077331
0.00027344
0.00069207
0.00066819
0.00058735
0.0011267
0.001933
0.0010314
0
0
0
0
0
0
0
0
0
0
0
0
0.0014384
0.00020586
0
0
0.0019852
0.0030614
0.00088815
0
0.0006816
0.0011179
0
0.00025776
0
0
0.00065049
0.0010703
0
0.00086606
0.0026763
0.0013066
0.00015147
0
0
0.002297
0.001863
0
0
0.00027153
0
0
0
0.00094094
0.0032778
0
0
0.00016305
0
7.3368e-05
0.0013456
0.0015992
0.0021135
9.281e-05
0
0
0
0.00030511
0.00041755
0.0028106
0.0021006
0
0.0011482
0.0011016
0
0
0
0
0
0
0
0
0.0036096
0.00048659
0.0019107
0.00032205
0.00015632
0
0
0.00026478
0.0013758
0
0
0
0
0
0
0
0.00032825
0
0
0
0
0.0012884
0.00015179
0.0018979
0.0049258
0
0.00016567
4.5965e-05
0.00022696
0.00021134
8.0123e-05
0.0014817
0.0001679
0
0.00013784
0.00020219
0.00078927
0.00028138
0.0001101
0.0048542
0.0013974
0.00028294
0.00042266
0.00091652
0.00024732
0
7.5757e-05
0.00083012
9.6058e-05
5.6709e-05
0.00032248
9.0789e-05
0.0015091
0.00068487
0.0024606
0.0019651
0
0.00064101
6.6914e-05
0
0
0
0
0
0.00063997
0.00093628
0.00093182
0.00076415
0.0004841
5.4302e-05
0
0.0001051
0.00027565
0.00016981
0.00055099
0.0010292
0.0007865
0.00040031
0.00031343
0.00032746
0.00024536
0.00023525
0.00024932
0.0014005
0.001058
0.00029342
0.0001733
0.00024519
0.0007105
0.00025101
0.00018595
0.00025866
0.0012795
0.00070189
0.00047859
0.00088131
0.0006333
0.0032309
0.00039193
0.00090336
0.0021627
0.0018411
0.0016058
0.00033166
0.0016283
0.0023302
0.00014237
0.0014742
0.00082634
0.00029077
0.00027102
0.0011533
0.00015729
2.8485e-05
0
0
0
0.0020985
0.0025979
0.00043776
0
9.2275e-05
0.001021
6.136e-05
0
4.4486e-05
0.00023048
2.2243e-05
0.00066236
0.0010387
0.0012035
0.0014884
4.9388e-05
0
0
0.00022981
0.0014716
0.0013944
0.00069328
0.00086104
0.00056386
0.00039424
0.00072419
0.0012457
0.00093999
0.00024609
0.00030431
0.00010933
0.00013144
0
0.00055876
0.00062108
0
8.5252e-05
0
0
0
0.00017832
0.00028267
0.0003989
0.00047041
0.00020991
0.00076086
0.00036265
0.0002211
0.00015564
0.00090134
0.0021879
0.00072859
0.00072883
0.00079571
0.0008984
0.0012912
0.00051382
0.00052411
0.00046701
0.00085466
0.00041702
0.00031966
0.00027956
0.0011024
0.0016607
0.0018906
0
0
0
0
0
0
0
0.00067297
7.7213e-05
0.00013227
0.0017541
0.0012951
0.00066517
0
0.00016201
0.00043305
0.0015689
0.00042659
0.00062416
0.00030289
0.00016274
6.4849e-05
0
0
0.00020744
2.4868e-05
0.00012746
0
0.00023819
0.00021861
0.00027215
0.00061904
0.00031967
3.8009e-05
0.00017052
0.00024703
0.00026681
0.00021466
6.3305e-05
0.00030715
0.00032147
0
0
9.9474e-06
7.2935e-05
0.0014254
0.00026335
0.00016776
6.754e-05
0
0.00035989
0.00019678
0.00060428
0.00029468
0.00015376
7.235e-05
0.00011897
0.0022336
0
0.0001606
0.0012181
0.0012147
0.00040972
0.00051276
0.00058031
0
0
0
0
0
0
0
0
7.2963e-05
0.0003285
0.00056
0.00063453
0
0.00026028
0.0015968
0.0011987
0.00014458
4.4319e-05
0.0007584
0.0027246
9.4396e-05
8.7004e-05
0
0.0010915
0.00020222
0
0.00051998
0
0.00058202
0.0017594
0.00020786
0
0.0028078
0.00042628
0
0.00082452
0.0016668
0.0012111
0
0
0.0017981
0
0
0.00017731
0.00072022
0
0
0.0018065
0.0023008
0
0
0.00048542
0.00058975
0
0
0.00087808
0.0034119
0
0
5.7832e-05
0.00036839
0.00028324
0.00010098
9.9896e-05
0
0
0
0
0
0
0
0
0
0
0
0
0
0
0
0
0
0
0.00016357
0
0.00014883
0
0.0017239
0.0028276
0.0019618
0.0014448
0.0014196
0
0.00091366
0.00016682
0
0.00035378
0
0
0
0
0
0
0
0
0
0
0
0
0
0
0
0
0
0
0
0
0
0
0
0
0.00073667
3.8846e-05
0
0.0006287
0
0
0.00044424
0
