0.039363
0.023736
0.026849
0.033999
0.034757
0.028874
0.030401
0.034812
0.0081575
0.0062197
0.0065677
0.0090085
0.016109
0.012835
0.0064646
0.0049057
0.0046108
0.0042183
0.0082391
0.016034
0.01074
0.0030338
0.0050243
0.0071159
0.0070071
0.0069458
0.0074242
0.0057774
0.004257
0.0069851
0.013995
0.014895
0.019588
0.0063521
0.0046183
0.0031795
0.0036513
0.0060192
0.0049164
0.0078951
0.0021173
0.0010693
8.2486e-05
0.00024821
0.0042503
0.0024714
3.4251e-05
0.00046002
0.0019722
0.0007366
0.0009438
0.0018186
0.0024637
0.00046873
0.00017244
0.0010398
0.00049112
0
0.00014513
0.005182
0.0015854
0.00028641
0.0004818
0.0024031
0.00088814
0.00049296
0.00085264
0.0054796
0.0021637
0.00054675
0.00079334
0.0014391
0.0020941
0.0033863
0.0042473
0.00097685
0.0023379
0.0069781
0.0045119
0.0014539
0.0019135
0.0010275
0.0012465
0.0058794
0.0066024
0.0027428
0.0016755
0.0016962
0.0021686
0.001028
0.00059864
0.0017979
0.0047165
0.0013971
3.1015e-05
0.00023903
0.0010063
0.0025362
0.006481
0.0032404
0.0027292
0.00083601
0.0035534
0.0030625
0.00097011
0.0022491
0.0027828
0.0013542
0.0016014
0.0023945
0.0053007
0.0032238
0.00456
0.0018462
0.00059768
0.003324
0.0023034
0.0019801
0.0031702
0.0051625
0.0039929
0.00049502
0.0011111
0.00079614
0.00026422
0.00058881
0.0015256
0.0042696
0.0078382
0.003749
0.00096197
0.00063972
0.0016684
0.0025778
0.00089873
0.0011939
0
0.00042314
0.0014877
0.00021285
0
0.0011853
0.0018552
0.003055
0.001477
0.0022693
0.0023785
0.00077912
0.00035221
0.0014557
0.0037397
0.0031746
0.0047467
0.00077722
0.0011501
0.00055273
0.00034065
0.0005414
0.00044835
0.0016659
0.0027951
0.0015136
0.00157
0.0012981
0.0013096
0.0023113
0.0020684
0.00101
0.00071997
5.5228e-05
0
0
0
0
0
0
0.00064741
7.5662e-05
0
5.4155e-05
0.0012469
0.00047912
0
4.8438e-06
0.00013185
0
8.7614e-05
0.00055489
0.0010989
0
0
0
0
0
0
0.00050887
0.00083937
0
0
0
0
0
0
0.0014411
0.0001268
0
0
0
0
0
4.9957e-05
0.0023633
0.00060842
0
0
0
0.00031139
0
0.0002167
0.00151
0.0012135
9.9857e-05
0.00011248
0.00012109
0.00012825
0
0.00049789
0.0025978
0.00044934
0.00031574
0.00045525
0.00024356
0.00029939
0
0
5.3501e-05
0.0010773
0.00062716
3.4251e-05
0
0.00035818
0.00083406
8.2486e-05
0.00014055
0.0016264
0.00103
0
0.00039994
0.00022048
0.0007366
0.00085619
0.00034982
0.0004066
0.00033124
5.6488e-05
0
0.0012784
0
0
0.0001326
0.0001075
7.4522e-05
0.00011595
0.0010398
0.00060828
0
0
0.00049098
0.00056557
0.00014866
0.00023655
0.0010741
0
0
5.9914e-05
0.00058414
0.00014865
0
0
0.001329
0
0.0002544
2.9464e-05
0.00043235
0.00016834
5.2297e-05
0.0002843
0
0.00028389
5.5228e-05
0
0.0004933
0.00021335
0
0.00015231
0.00089842
0.00032904
0.00047203
0
0
0
0.0023125
0.0020901
0.0001622
0.00094594
0.0017329
0.0027957
0
0.0013534
0.0010312
0
0.00015636
0.0015537
0.0002078
0.00058629
0.0012268
0.0010958
0.00091807
0.00068206
0.00032629
0.00063014
0.00058605
0.00028803
0.0030111
0.0023059
0.0014203
0.00098995
0.00137
0.0011212
0.00010623
9.2567e-05
0.00093122
0.0027018
0.00058851
8.892e-05
0.00012956
0.00048097
0.00021613
3.4251e-05
0.0004967
0.00031
0.00015389
3.1015e-05
0.00010947
4.5696e-05
0.00024781
0.00087826
0.00099766
8.5695e-05
0
0.00015286
0.00021129
0.00064084
0.001225
0.0009935
0
0
7.8851e-05
0.0014269
0.001423
0
0.00011435
9.8821e-05
0
0.00020145
0.0016812
0.0012052
0
0.00086546
0.0011714
0.0013137
0.00091772
0.00055145
0.00090879
0.00053447
0.0011906
0
4.4657e-05
0
0.0004344
0.0013136
0.0007856
0.00059667
0
0
0
0.00032373
0.00088519
0.0019235
0.00036004
0
0
0.00021289
0.00042384
0.0001484
0.00027733
0.00068067
0.00018358
0
0
0.00013828
0.00040224
0.00025047
0.00014752
0.0011732
0.0004228
0
0
0.00047644
0.00045927
0.00025411
0.00083274
0.0019071
0.00047939
0.00054286
0.0006643
0
0.00046156
0.0044766
0.001103
0.0002214
0.00060361
0.001344
0
0.00019115
0.00025516
0.00033378
6.7986e-05
0
0.00023564
0.0012731
0.00019226
0.00042005
0.00015825
0.00034019
0.00016096
0.00039098
0.00053842
0.00092415
0.00082922
6.1651e-05
7.3937e-05
0
0
0
0.00028371
0.00070023
0.00072617
0.00079463
9.1568e-05
3.5263e-05
0.00031278
0.00013429
6.2031e-05
0
0
0
0
0
0
0
0
6.1651e-05
0.00029732
0
0.00034217
0.00066828
0.00027097
1.0831e-05
0.000759
0.00068409
0.00034936
0.00021444
0.00054969
0.00016786
0.00042721
0.00032664
0.00057024
0.00054395
0.00092187
0.00043832
0.0022233
0.00061672
0.00063107
0.00034225
0.00067766
0.00011716
0
1.37e-05
0.00017479
0.00050722
0.00065583
0.00035071
0.00023315
0.0010574
0.00096107
0.00028452
0.0015032
0.0013784
0.00034422
0.001002
0.0011891
0.0017238
0.00076605
0.00070192
0.00037878
0.00042601
0.00019964
0.00084617
0.00094603
0.00081581
0.0008054
0.0028846
0.0011194
3.9052e-05
0.002358
0.001162
0.00063419
0.0010012
0.0030067
0.00086157
0.00023486
0.000388
0.00047189
0.00020529
0
0.00075354
0.0020286
0.00044239
3.4929e-05
0
0
0
0
8.6241e-05
0.00072591
0.0018905
0.00020341
9.6469e-05
0
0
0.00022412
0.00022552
0.00050084
0.0033379
0.00036132
0.00013571
0.00011071
0.00039864
0.00070121
0
0
6.0692e-05
0.00039775
0.00064501
7.7652e-05
0
0
0
0.00062018
0
6.5882e-05
0.00047136
0.00016993
0
0.0015927
0.0018123
0.00023451
6.371e-05
0
0.00039452
0.00083382
0.00038349
0.00053974
0.00075386
0.00088189
0.0009832
0.0010372
0.0010566
0.0002717
0
0
0.00060656
0.00089311
0.0017729
0
4.4657e-05
0
0
5.8125e-05
0
0.001322
0.0045325
0.00027883
0
0
0.0001809
0.00018411
0.00013301
0.00028692
0.0034621
0.00046975
0.00038089
0.00024934
0.00044079
0.00025389
3.0635e-05
0.00062311
0.0010444
0.0005219
9.0929e-05
0.00019687
0.00051937
0.0010051
0.00038723
0.00018199
0
0.00011723
0.00054771
0
0
0
0
0
0
0
0
0
0
0
0.00021754
0.0022807
0.00054724
0.00037123
0.00028557
0.00012222
3.4251e-05
0.00012612
0.00020278
0.0019691
0
0.00090919
0.00057963
0.00012631
9.5349e-05
0.0008059
0.0022883
0
0.00032291
0.00043251
0.0008409
0.00020769
0
0
0
0
7.24e-05
0
6.7292e-05
3.4929e-05
3.0635e-05
0.00031264
0.00011512
0.00071223
0.00040952
0.00046145
0.000253
0.00051435
0.0004303
0.00018785
0.00026882
0.00022295
4.8679e-05
0.00034731
0.0006563
0.00029468
0.00027957
0.00096504
0.0012322
0.00028326
