0.047741
0.019944
0.031795
0.024042
0.049133
0.025452
0.02883
0.025338
0.01385
0.0074714
0.014381
0.0089419
0.015242
0.006155
0.0094782
0.0090234
0.021649
0.0054563
0.005346
0.0071761
0.021715
0.0065516
0.0088914
0.0091806
0.0090856
0.0054428
0.010215
0.0057983
0.0084306
0.0080408
0.0054299
0.0024299
0.0031557
0.0015734
0.0018527
0.0021252
0.0037453
0.004705
0.0050304
0.0047041
0.0043688
0.00065175
0.0020273
0.0021753
0.0048198
6.4286e-05
6.6446e-05
0.0023735
0.0042886
0.0030408
0.0010537
0.0024678
0.0051706
0.0022834
0.0023434
0.0029636
0.0065088
0.0026255
0.0016282
0.0020022
0.011494
0.0018186
0.0028669
0.0031819
0.0074912
0.00063586
0.00075271
0.0012995
0.0040915
0.00068366
0.0012117
0.00078105
0.002718
0.0017943
0.0090717
0.0014985
0.0018981
0.0010507
0.0056825
0.0019453
0.0024534
0.0019462
0.0020809
0.0025611
0.0027571
0.0026195
0.0012924
0.0016799
0.0051921
0.001921
0.0015239
0.0016639
0.0054021
0.003532
0.0028431
0.0025273
0.0024787
0.00020494
0.0015402
0.0020225
0.00089425
0.00046841
0.001918
0.0027415
0.0025769
0.0017578
0.0037368
0.0017374
0.0024677
0.0025017
0.0038374
0.00066104
0.0019195
0.0014083
0.00029696
0.00079769
0.0010903
0.00071351
0.0006304
0.0010837
0.0013391
0.00089454
0.0014612
0.00092269
0.00078358
0.0029411
0.0039195
0.0031199
0.0016928
0.00059965
1.4958e-05
9.5651e-05
0.00041695
0.00048406
0.00019305
0.00032108
0.004408
0.0014903
0.0012089
0.0010835
0.0045416
0.0041204
0.00096215
0.00065847
8.5087e-05
0.00038206
0.0048031
0.0023757
0.00057993
0.0002706
0
0
0.00021993
0.00014825
0.00016438
0.0010697
0.0021727
0.0012515
0.00077783
0.0011999
0
0
0
0.00026846
0.00055244
0.00016481
0
0
0.0011852
0
0
0
0
0
0
0.0007573
0.0015283
0.0001056
0.0019789
0.0011304
0.0029872
0
6.6446e-05
0.00046002
0.0017939
0.00052483
0.00035262
0.0011901
0.0038111
0.001002
0.00012531
0.0011891
0.0021248
5.346e-05
0.00012556
0.0011157
0.0012649
0.00036553
0.0013078
0.0013106
0.0002277
0.00018536
0.00049638
0.00030294
0.0032815
0.00010453
0.00032782
0.00027554
0.0007119
0.00035929
8.4976e-05
0.00052376
0.0014844
0.00038252
0.00060505
0.00059414
0.00095497
0
0.00065265
0.00022128
0.00033877
0.00015486
0.00023094
0.00031745
0
0
0
0
0
0
5.0742e-05
0
0.00039309
0
4.8452e-05
0.00081112
0.0011231
3.584e-05
0
0
0.00096237
0.0002932
0
0.00023374
0.00028721
2.8446e-05
0
0.00024196
0.00036553
0.0024626
0.00056729
0
0
0
0.00026374
0.00052498
7.6028e-05
0
8.1999e-06
5.1487e-05
9.2985e-05
0.00073054
0.00012618
4.3934e-05
0.0011269
0.00035542
0.00050891
0.00050906
0.0012176
0.00051009
0.0017012
0.0012432
0.0031541
0.0013282
0.0001076
0.00070835
0.00419
0.00071839
0.00017698
0.00073393
0.0058172
0.0006095
0.00016876
0.00039378
0.0045072
0.00057826
0.00034515
0.00011897
0.0013372
0.00021758
0.00036167
0.00068447
0.00045913
9.7185e-05
0.00026949
0.00044775
0.00081079
0
0.0015127
0
0
0
0.00047248
0
9.3666e-05
0.00070001
0.0046579
0
5.9131e-05
0.00028868
0.0033379
0.00094421
0.00042268
0.00070556
0.00067427
0.00039046
0.00032265
0.0013722
0.00040243
0.00037514
0.0010928
0.00028626
0.00016171
0.00019578
0.0015202
0.00074971
0.00034973
0.00029189
0.00083826
0.00041201
0.00071348
1.8804e-05
0.00040133
0.00041643
0.001394
0.0010796
0.0025915
0.00047397
0.00070769
0.00062631
0.0033221
0.0013665
0.00079595
0.0012211
0.0020614
0
0.00055625
0.00038022
0.00071401
0.00015943
0.0010449
0.00065464
0.00026645
0
0
0
0
0
0.00013625
0
0.0012316
0.00052748
0.0019539
0.00062894
0.00064339
0.00013892
0.0016486
0.00089453
0.00027622
0.00081979
0.00089824
0.00052677
0.0011956
0.00049376
0.00012546
0.00048692
0.00063416
0.00064145
0.00079019
0.0010756
0.0002297
0.00017211
0.00027357
0.00059203
0.00027922
0.00019378
0.00041913
0.00077588
0.00063867
0.00047897
0.00020867
0.00055645
0
0
0
0.00035493
0.00090598
0.0012613
0.00071234
0
0.0014459
0.0010209
0
0.00066385
0.00057178
0.00035724
0.00040324
0.00011084
0.00083823
0.00020183
0.00049032
0.00018992
0.00027494
7.6862e-05
0.00027576
0.0011915
0.00032362
0.00010287
0.00045681
0.00074089
3.9954e-05
0.00018396
0.00038137
0.0010347
0.0015931
0.00025898
0.001867
0
0.0013891
0.0010199
0.00047045
0.00026072
0.00089763
2.0229e-05
0.00024883
0.00015089
0.00059041
0.0003666
9.1268e-05
0.00040523
0.00045523
0.00027951
7.6658e-05
0.00073729
0.00015509
3.8189e-05
0
4.1812e-05
0
0
4.8452e-05
0.00013959
0.00036862
4.9225e-05
0.00018379
0.00030817
6.8673e-05
0.00047357
0.00055053
0
0.00053238
0.002692
0.0013013
0.00050708
0.00030651
0.00014286
6.4638e-05
0.00028999
0.00027964
6.7867e-05
0
0.0001896
0
0
0
0.00045312
6.3771e-05
0.00016919
0
0
0.00011564
0.00025162
0
0
0
0
0
0
2.4292e-05
0.00094766
0.0010104
0
5.0788e-05
0.00051972
0.0019059
0
0.00028487
0.00018988
0.00054672
0.0011409
0
0.00036504
0.0010557
5.8301e-05
0.0011606
0.00077913
0.0001096
0.00016012
0.00034694
0.00042243
0.00011656
0.00025586
0.00043684
0.00049006
8.4057e-05
3.5937e-05
8.6566e-05
0.0002738
0.00020499
0.00032426
0.00018987
0.00014173
0.00019975
7.1599e-05
0.00026232
0.00021191
0.0018198
0.00098536
0.0004237
0.0001124
0.00071089
0.0004476
0.00012738
7.006e-05
0.00060198
0.0010459
0.0012994
9.4078e-05
0
0
0.00013378
5.5906e-05
0.00022984
0.00010702
0.0001706
0.00024951
0
0
0.00023827
0.000302
2.6745e-05
0
0.00010894
0.00086806
0
0.00025807
0.0012007
0.00098025
0.0002361
3.7376e-05
0.00051377
0.00013261
0.00072272
0.00038326
0.00084469
0.0004914
0.0002996
0.00031424
8.5087e-05
0.00038206
0.001134
0.00051128
0.00015083
0
0
0
0
0
0
0
0
0
0
0
7.7358e-05
0.00011134
0
6.7403e-05
4.2635e-05
0.000194
7.2281e-05
0.00046071
0.0004239
0.00023618
0
0.00031379
0.00049633
0.00022675
0.00033646
0.00017164
0.00014142
0
0
0.00038196
0.00041167
0.00016481
0
0.00030572
0
0
0
0
0.00040031
6.4781e-05
0
0
0.00020004
0
8.1837e-05
0
0.00099068
0.001293
0.00018573
0.00012724
0.002058
0.00071768
0.00038439
0.000759
0.0016317
0.00078447
0.00051969
0.00030378
0.00026457
0
0.0016178
0.0017446
0.00026217
0.0002706
0
0
0
0
0.0012091
0.00050816
0.00046315
0
0
0
0
0
0.00016438
0.0001823
0.00080966
0.00077142
0.0003797
0.00086056
0
3.6911e-05
0
0.00018048
0.00059109
4.8212e-05
0.00014709
0
0
0
0
0
5.5371e-05
0
0
0
0
0
0
0
0
0
0
0
