0.030533
0.037048
0.035065
0.033714
0.046309
0.016809
0.02695
0.027157
0.010106
0.0041282
0.014689
0.0087376
0.0033948
0.00136
0.004057
0.0092289
0.013219
0.0096313
0.013023
0.011819
0.0086499
0.0094304
0.013163
0.010748
0.0046238
0.019011
0.0054044
0.0035311
0.017814
0.0013472
0.00055248
0.0031375
0.0025845
0.0042772
0.0019487
0.0096262
0.016451
0.0046719
0.0091768
0.004042
0.0056675
0.00043056
0.0066078
0.0019123
0
0
0
0.002613
0.0026405
0.00061776
0.00043475
3.8402e-05
0
9.2484e-05
0.0031033
0.005741
0.003555
0.0002036
0.00014241
0.0010019
0.0022444
0.00044831
0.00019296
0.0010709
0.0010185
0.0010442
0.002152
0.0040045
0.00039167
0.00011513
0.00073865
0.0032166
0
0.0014827
0.0048647
0.0010287
0
0
0
0
0.0011787
0.0015506
0.0026922
0.0057582
0.0030599
0.0012675
0.00095374
0.00055257
0.0037966
0.0041267
0.003071
0.0045119
0.0043398
0.0034064
0.0024387
0.0040848
0.0044124
0.0036033
0.0071504
0.0019025
0.0012784
0.0053747
0.0097931
0.0026983
0
0
0.00037414
0
0
0
0
0
0.0046246
0.008336
0.0030774
0.0011885
0.0010166
0.0010375
0.00055248
0.0029742
0.0019262
0.00073355
0.0016666
0.0027408
0.0099685
0.00080521
0.006375
0.0038464
0.00065832
0.0039685
0.00031129
0.0072071
0.0026973
0.00083856
0.00027414
0.00032532
8.826e-05
0.0093542
0.00079307
0.0004755
0.0013283
0
0
0
4.5362e-05
0.0013207
0.0012489
0.0018671
0.014956
0.00030966
0
3.3581e-05
0
0
0
0
0.0043893
0.0031139
0.0025277
0
0
0
0
0
0
0
0
0
0.00095779
0.00035375
0
0
0
0
0
0.00048324
0.0044958
0
0.0011109
0
0
0
0
0.0021298
0.0019753
0
0
0
0
0
0
0.0020851
0
0
0
0
0
0
0
0.0016543
0
0
0
0
0
0
0
0
0
0
0
0
0
0
0
0
1.5018e-05
0.00042207
0
0.00010304
0
0
0
0
0.00033423
0.00010313
0.00018927
0
0
0.00011513
0.00031294
0.00085584
0
0
0.0015704
0.00033718
0
0
0
0
0
0
0.0036005
0.0015752
0
0
0
0
6.4662e-05
0.00069456
0.00025114
3.8402e-05
0
0
0.00010041
0.00024736
0.00038678
0
0
0
0
0
0.0029422
0.0017543
0.0029128
0
6.7805e-05
5.0843e-05
0.0015401
0.00012695
6.5858e-05
0.00047865
0.00082758
9.2545e-05
7.4604e-05
0.00068642
0.00058005
0.0001596
2.6671e-05
0.00053161
0.00051385
0.00047862
0.00085124
0.0017085
0.00022327
3.5831e-05
0.00024673
0.00060791
0.00033414
9.5398e-05
0.00070929
0.00058939
0
0
0.00011725
0.0014695
0
0
0
0
0
0
0
0
0
0.0011118
0.0029803
0.00074377
0
0
0
0
0.00023204
0.00012089
0.0012784
0.0028903
0.0004705
0.00012079
6.0647e-05
0.00016335
0.00041176
0.00078512
0.0011136
0.001865
0.0017587
0.0010768
0.00057294
0.00025183
0.00065181
0.00027775
0.000107
0.00063054
0.0029895
0.0020657
0.00069957
0.0010212
0.0017896
0.0018238
0.00050776
0.00072419
0.0014074
0.0003378
0.00074342
0.00076389
0.00038454
0
0.00067841
0.0008943
0
0
0.00074638
0.0027794
0
0
0.0042339
0.00086582
0.00029267
0.0027484
0.0073566
0
0
0
0
0
0
0
0
0
0
0.00037087
0.0020809
0
0
0
0
0
0
0
0.00011331
0.00032229
0.00020575
0
0
0
0
0.00044233
0.00037054
0.00033144
0.00027495
0.00016244
0.0003808
0
0.00086559
0.00096636
0.00067541
0
8.2678e-05
0.00045814
0.00075608
0.00048666
0.00067141
0.0010474
0.0016623
0.0024635
0
0
0
0.00087542
0.00032213
0.0012312
0.00037954
0.00057399
0.001212
0.0026662
0.0016163
0.0007902
0.00055535
0.00071461
0.00092192
0
9.7328e-05
0.00041187
0.00021202
0
0
0
0
0
0
0
0
0
0
0
0.00040928
8.2678e-05
0
0
0
0
0
0
0.00073764
0.00064848
0
0
0
0
0.00059667
0.0011606
0.0011606
0
0.00022527
0
6.5063e-05
0.00032346
0.0014257
0.00059346
0.0013322
0.0010818
0.00025216
0.00051824
0.0022434
0.0015488
0.00046576
0.00035165
0.0004421
0.00092417
0.00027212
0.00016631
0.00027398
0.00082813
0.00056754
0.00047319
9.354e-05
0.00081519
0.0010798
0.0010705
0.00037557
0.00049558
0.00064165
0.0036735
8.3409e-05
0
0
5.4148e-05
0
0
0
0
0
0
0
0
0
0
0
0
0
0
0
0
0
0
0.0017856
0.005674
0.00013433
0
0
0
0
0
0.0021079
0
0.0005018
0.0003186
0.00050352
0.00054195
0.00027991
0.0022775
0
3.3581e-05
0.00021575
0.00040443
0.003694
0
0.0024927
0.0016724
8.1834e-05
6.1499e-05
0
0.00066987
0.0049678
0.00010704
0.0002003
0
0
0
8.5768e-05
0.0014239
0.0016593
8.7866e-05
0
0
0
0.00041134
0.00011208
0.0048758
0.00028453
0
0
0
0
0
0
0
0
0
0
0
0
0.0041028
0
0
0
0
0
0
0
0.0040563
0.00082258
0
0
0
0
0
0
7.0932e-05
0.00075378
0.00027921
0.00052687
0.00050061
0
0
0
0
0
0
0.0014288
0.0026221
0.0038998
0
0
0
0
0
0
0
0
0
0
0
0
0
0
0
0
0
0
0
0
0
0
0
0
0
0
0
0
0
0
0
0
0
0
0.0036951
0.00079307
0.0004755
0.00088039
0
0
0
0.00013362
0.00015821
7.565e-05
0.001726
0.0061746
0
0
3.3581e-05
0
0
0
0
0.0080866
0
0
0
0
0
0
0
0.0038638
0.00049178
0
0
0
0
0
0
0
0
0
0
0
0
0
0
0
0
0
0
0
0
0
0
0
0
0
0
