0.037767
0.030229
0.028257
0.033422
0.043225
0.024226
0.021192
0.035547
0.0052219
0.0060881
0.0040274
0.0034844
0.0072118
0.0054468
0.0040326
0.002994
0.017733
0.0091353
0.010475
0.013973
0.020143
0.0093618
0.009287
0.014831
0.0022513
0.0036811
0.008446
0.004351
0.0017326
0.0023246
0.0037506
0.0061961
0.012561
0.011325
0.0053087
0.011613
0.014137
0.0070925
0.0041221
0.011526
0.00039804
0.00089165
0.00067695
0.00011631
0
0
0
0.0005131
0.0029357
0.0035142
0.0014279
0.00027116
0.003532
0.0014762
0.0022324
0.00032955
0.0081866
0.0031515
0.0028356
0.0040596
0.0086077
0.0015385
0.0026282
0.0024488
0.0058665
0.0016794
0.0019715
0.0032296
0.0055279
0.0027369
0.0032508
0.0049252
0.00090137
0.00058172
0.00085971
0.00077837
0.0012231
0.0030413
0.001219
0.00073586
0.00088617
0.00090128
0.00059588
0.0021207
0.0020361
0.00092928
0.00054101
0.00090346
0.0023588
0.0015284
0.0027486
0.0039619
0.0048868
0.00080386
0.0011459
0.0049566
0.0011336
0.0028214
0.0029084
0.0022357
0.0011358
0.0042003
0.0021607
0.0027057
0.0010071
0.0017293
0.0035471
0.00061169
0.00043709
0.0011741
0.0013684
0.0022218
0.0008587
0.00095623
0.0015417
0.0010489
0.00034003
0.00050342
0.0019199
0.0022429
0.0010117
0.0030558
0.0014341
0.0013852
0.0013528
0.0013915
0.00072231
0.0013855
0.0018601
0.005708
0.0010715
0.0001988
0.001322
0.0038702
0.0020424
0.00026647
0.00038551
0.00039862
0.0014828
0.0013212
0.00063607
0
0
0
0
0.0005734
0.0017735
0.0012264
0.00048333
0.00064717
0.00036317
0.0016013
0.0036298
0.0013197
0.0013496
0.0054611
0.0042916
0.0011814
0.00084631
0.0068219
0.0058039
0.0012799
0.0014162
0.004697
0.0071182
0.00069549
0.00061029
0.003169
0
0
0
0
0
0
0
0
0.00039804
0.00017438
7.7443e-05
0
0
0
0
0.00040785
9.2909e-05
0.00028163
0
0
0.00012535
0.00014852
0.00050442
0.00018081
0.0011329
0.0015159
0.00043974
0.00012013
0.0022583
0.00034231
0
0
0.00075092
0.0012599
0.00013041
0.00035107
0.0013777
0.00041668
0.00099926
0.0010536
0.0039417
0.00031718
0.00011718
0.00049819
0.0022429
0.00016062
0.00022141
0.00026656
0.0032511
0.00028713
2.3214e-05
0.0004277
0.0035805
0
0.0001362
0.0019374
0.001988
0.00018605
0.00022672
0.00093049
0.00084821
5.7596e-05
0.00037299
0.0015349
0
0
0
0
0
0
0
0
0
0.00063964
0.00059951
0.00011631
0
0
0
0
0.00029011
0.00048785
0.00016824
0
6.4816e-05
0.00072091
0.0010925
8.7615e-05
0.0011612
0.00049966
0
0.00015103
0.00080568
0.00022162
0.00028285
0.00016637
0.00031789
0.00074096
0.0017023
0.00036072
0.0023521
0.00096119
0.00051509
0.00087801
0.0020157
0.0013108
0.0016824
0.0023524
0.0021388
0
0.0010058
0.00016397
0.0012274
6.6674e-05
0.00014096
0.00052588
0.00054778
0.0013349
0.00097165
0.00072011
0.00040052
0.0012203
0.0014308
0.00052674
0.00052689
0.0011027
0.0015179
0.00014551
0
0
0
0
0
0
0
0
4.82e-05
0.00011292
0.00054762
0.00054703
0.00048035
0.00037286
0.00082048
0.00041482
0
0
0
0.00064351
0.001051
0.0003348
0
0
0.00057819
0.00081361
1.1267e-05
0.00044032
0.00023712
0
0
0.00078072
0.00092281
0.00023496
0.00072295
0.00099896
0.0024372
0
0.00090831
0.0025227
0.00072141
0.00060306
0.00071676
0.0024556
0.0019357
0.00038821
0.00055218
0.0017868
8.2082e-05
0
0.00051573
0.0014293
0.0009856
0.0012943
0.00042554
0.00083197
0.00050907
0.0020798
0.0016647
0.00056651
0.00031574
0.0010115
0.00050249
0.00041667
0
0
0
0
0
0
0
0
0.00085317
0.00054643
0.00031209
0.00017646
0.00041368
0.002565
0.00039852
0.00032105
0
0
0
0
0
3.0836e-05
0
0
0.00025999
0
0.00050876
0.00079282
0.00055875
0.00060645
0
0
0.00067267
0.00082278
0
2.5003e-05
0.00062406
0.0002367
0.00040336
9.7549e-05
0.0001984
3.8691e-05
0.00071273
0.00029719
5.7283e-05
0
6.2387e-05
0.0004892
0.00027786
0.00025206
0.00030288
0
0
0
0
0.00056293
0.00038308
0.00048951
0.00061594
0.00038917
0.00026626
0.0017209
0.00081575
0.00052171
0
0.00011801
0.0001254
4.0505e-05
5.6323e-05
0
0
0
0.00053006
0.0010578
0.00084208
0.00016904
0.00051718
0.0012326
0.00084761
0.00068246
0.00020886
7.8989e-05
4.0623e-05
0
0
0
0
6.5294e-05
0
0
0
0
0
0
0
0.00014249
0.00042013
0.0004108
0.0011016
0.00062786
0.00064131
0.00030619
0.00054083
0.0011249
0
0.0018523
0.00059231
6.8534e-05
0.00025701
0.00050288
0.00011955
0.0001449
3.0049e-05
1.9576e-05
0
0
0
0
0
0
0.00056562
0.0014023
0.00059304
0
0.00014657
0.0011046
0.0019191
0
0.00015241
0
0.0011759
0
0
0
0
0.00013712
0.00020904
0.00055351
0.0011334
0.00037259
6.1924e-05
4.4945e-05
0.00052078
0.0013273
0.00037149
0.00040487
0.00072411
0.00014822
0
0
0.00041521
0.00070727
0.00018769
0.00011919
0.00041867
0.00079114
0.00034003
0.00041495
0.0012483
0.00093036
0.00019247
3.0049e-05
0.00031763
0.0006255
3.9789e-05
8.4306e-05
6.1944e-05
0.00013576
0.00027124
0.00095303
0.00030058
0.00034793
0.00059891
0.0006654
0
0.00012208
0.00051035
0.00062163
0.00011917
0
0.00010652
0.00030592
6.7487e-05
0
0.00041721
0.0028087
0.000257
0.00016402
0.00033686
0.0016726
5.58e-05
0.00011812
0
0.00039862
0.0002524
0
0
0
0
0
0.00050108
0
0.0012124
0.0013454
0.00063607
0
0
0
0
0
0.00038944
0.00042854
0.0001344
0.00025611
0.00011663
0.00034515
9.0653e-05
0
0.0007384
0.00025097
0.00026856
0.00020274
0.00020551
0.00085794
0.00017676
5.7429e-05
0.00016948
0.0011503
0.00018278
0.00015925
0.00025383
0.0039836
0.0018875
0.00068201
2.6491e-05
0.000882
0.0025829
0
0.00012905
0.002098
0.0034442
0.00077879
0.00015605
0.00053569
0.0031732
0.0001988
0
0.00038557
0.0010185
0.000727
4.8076e-05
0.00033079
0.00097396
0.00041671
0.00019767
0.00069205
0
0
0
0
0
0
0
0
0
0
0
0
0
0
0
0
0
0.00026443
0.00065901
0.00026426
8.0369e-05
0.00025103
4.3581e-05
0
0
0.00025154
0.00018544
0.00012327
0
0
0
0.00011225
0.00064663
7.9277e-05
0.00022787
0.0014169
0.00041828
0.00019672
0.00049753
0.0011385
0.00041989
0.00071464
0.00097444
0.0018266
0.00043032
0.00023872
5.2528e-05
0.00023196
0.0016005
0.00015468
0.00049824
0.0012822
0.002043
0.00064728
0.00016721
0.00060472
5.6905e-05
0
0.00022334
0.0016534
0.0013868
0
0.00041262
0.0011106
