0.021379
0.025403
0.025237
0.036859
0.039496
0.044974
0.032904
0.027437
0.0017718
0.002292
0.0074208
0.012752
0.010994
0.007403
0.017808
0.0071858
0.006933
0.0078012
0.0083871
0.010014
0.013306
0.0064522
0.0053233
0.0065744
0.0070446
0.0069235
0.0033673
0.007499
0.01172
0.026915
0.0034623
0.0067095
0.0056295
0.0083868
0.0060615
0.0065938
0.0034765
0.0042029
0.0063105
0.0069674
0.00082902
0.0004993
0.0030246
0.0033059
0.0036327
0.00091002
0.0076753
0.00181
0.0003922
6.5952e-05
0.0020397
0.0039384
0.0022895
6.2145e-05
0.0016251
0.0034888
0.00053625
0.00011969
0.0011593
0.00050344
0.00063901
0.00037055
0.00034786
0.00059465
0.0021442
0.00099028
0.0015778
0.0015217
0.0011745
0.0014264
0.0011934
0.0015125
0
0
0.00084757
0.00071724
0.00035966
0.0046893
0.0064683
0.0011302
0.0005506
0.0016527
0.0010794
0.0045804
0.0037823
0.0016359
0.0020393
0.00075683
0.0015636
0.0027814
0.0017904
0.0042987
0.0095042
0.00192
0.0010654
0.0020161
0.0022689
0.0038073
0.0038432
0.0034879
0.0015745
0.0023866
0.0026412
0.0023221
0.0019969
0.00086366
0
0
0.0046225
0.013667
0
0
0.0034418
0.0017764
0.0010838
0.00078722
0.00051248
0.00045076
0.00073705
0.0054746
0.0021767
0.0013423
0.001006
0.0020387
0.00053448
0.00118
0.0016565
0.0039069
0.002593
0.0035735
0.0028288
0.0022955
0.002441
0.0016752
0.0029592
0.0014355
0.00022176
0.0032582
0.00068727
0.0033873
0.0011981
0.011441
0.0014634
0
0.0012708
0.00089681
0.0013899
0.0032571
0.0062771
0.001148
0.0012618
0.00086238
0.00033653
0.00025793
0.00061623
0.00048663
0.00017021
4.9943e-05
0.00013804
0.00073448
0.00090205
0.0029961
0.0021619
0.0018384
0.00045193
0.0015831
0.0013529
0.0011975
0
0
0
0.00096422
0
0.00091002
0.00033895
0
0.00038147
0.00016119
0
0.0022507
0.0032873
0
0
4.7325e-05
0.00027701
6.5952e-05
0.00029037
0.0018109
0.0023858
0
0
0.00051761
0
0
0.00018108
0.00073157
0.00024912
0
0
0
0
0
0
0
0
0
0
0
0.00013346
0
6.4043e-05
7.6745e-05
0.00012252
0.0001861
0.00025365
0.00035976
0
0
0
0.00019025
0.00027681
7.2755e-05
0
0
0.00047964
0.00021526
0.00036596
0.00010488
0.00029473
0.00042713
0.00039595
0.00022281
0
0
0
0
0
0
0.0022121
0.00052364
0.00039569
0.00030414
0.0028538
9.1009e-05
0
0
0.0046579
0.001239
0.00016705
3.397e-05
0
0
0
0
0.00057047
0.0010213
0
0
0.0013882
0.0012108
0
2.7282e-05
0.00094415
0.0018571
0
0
0.00089835
0.00018509
0
0
0
0
0
0
0.0002007
0.00036131
0.00021855
0.00012573
9.4217e-05
0.00011321
0.00063503
0.00056334
0.00049876
0.00062143
0.00022049
0.00035849
0.000149
0.00021597
0.00077704
8.0668e-05
0.00044317
0.00025853
0.00054578
0.00037733
0.00041244
0.0007011
0
0
0
0
0
0
0
0
0
0
0.0010184
0.00045928
0
0.00027965
0.0061374
0.00081363
6.2932e-05
0
0.00067987
0.0030207
0.0006244
0
0.00078101
0.00032309
0.00028737
0.00083461
9.4833e-05
0.00013789
0.0019208
0.00026994
0.00046449
0.00033312
0.0002003
0.00034928
0.00026948
0.0008868
0.0034662
0
0
9.2793e-05
0.00068799
0.00012342
0
0.0018338
0.003174
0
4.6525e-05
0.00022609
0.00025979
0.00048104
0.00025365
0.0019069
0.00069272
0.00015357
0.00050082
0.00032513
0.00021675
0.00023404
0.00037992
0.00044624
0.00033138
9.472e-05
0.00017464
0.00010308
0
0
0
0
0
0
0
0
0
0
0
0
0.00035966
0.0015387
0
0
0
0
0
0.00015453
0.00010916
0.0027346
0.00079725
0.00031662
0
0.00081809
0.00030469
0.00098654
0.00095768
0.00064697
9.3587e-05
0.00010062
0
0.00059135
0.00045223
0.00096783
0.0011689
0.00049571
0.00081073
0
0.00097747
0.0016486
0.00058079
0.00043469
0.0013687
0.0013802
7.5237e-05
0.00179
0.00041734
0.0023188
0.0017284
0.00050835
0.00017597
0.0010162
0.00087045
0.0010303
0.0013269
0.00052903
0.0010526
0.00046514
0.00076746
0.00093163
0.00081077
0.00072004
0
0
0
0
0.00048853
0.0010612
0
0
0
0
0
0
0.0030126
0.0045448
0
0
0
0
0
0
0
0
0
0
0.00024716
0.00060623
0
0
0
1.4072e-05
0.00018102
0.00024401
0.00055721
0.00039283
9.9298e-05
2.4092e-05
3.0586e-05
0.00011961
0.00028836
0.00066923
0.00023358
0.00022364
0.00096024
0.0011505
0.00020856
0.00036401
0.0011434
0.00073204
0.00016865
0.0017544
0.00081523
0.00031246
0.00085452
0.00038777
0.00023773
5.2262e-06
0.00031056
0.0014203
0.00071949
0.00097972
0.00024279
0.00090049
0.0023228
0.0010328
0
0
0
0
0.0011215
0.0073942
0
0
0.0018269
0
0
0
0
0
0
0
0.0024431
0.00021787
0
0
0
0
0
0.0030599
0.00085751
0.00068416
0.00093225
0.000129
0
0
0.00040481
0.0011077
0.00040296
0.00012422
0
0.0010117
6.3256e-05
0.0008791
0.00073892
0.0020159
0.00028122
0.00022641
0.00016927
0.00081023
0.00020343
3.3053e-05
0.00038506
0.00091986
0.00010874
0.0003767
0.00078619
0.00070978
0.00047436
0.00011289
0
3.9196e-05
8.2509e-05
0.00046796
0.00073731
0.00030044
0.00040851
0.00010093
5.5123e-05
0
0
0.0003811
0
0
0.00054698
0.0077948
0
0
0.00022176
0.0034306
0.00016221
0.00030992
0.00048858
4.8183e-05
0
0
0
0.00044488
0.0004242
0.0007406
0.00083587
0.00079351
0
0
0
0.00016374
0.00055446
0.00038841
0.0014631
0.0002891
0.00062899
0.0004278
0.00010394
0
0.00035577
0
0.00010941
0.0003378
0.00057877
0.00016839
0.00076137
0.00010839
0
0.00036497
4.2334e-05
1.8477e-05
0.00018238
0.00058894
0.0012815
0.0020826
0.00040705
0.00030478
0.00012788
0
0
0.00020845
0.00076956
0.00023361
0.00013451
0.00035242
0.00023141
0.0012203
0.00043077
0.00044564
0
0.00031015
0.00052506
0
0
0.0051316
0.0014634
0
0
0
0
0.0027953
0.00016254
0
0
0
0.00039603
4.1317e-05
0.00026452
0.0019006
0.0018867
0
0
0.00024184
0.00079745
0.00034736
0.00017468
0.00014915
0.0024312
0
5.4937e-05
0.00042267
5.8431e-05
0.00016194
0.00031397
1.7529e-05
0
0
0
0.000258
0
0
0
0
0
0
0
0
0
0.00011443
0.00080887
3.397e-05
0
0
0
0
0.00024817
0.00041578
0.00076392
0.00046286
0.00014195
0.00021464
0.00060829
0
