0.044461
0.031508
0.024097
0.030138
0.047544
0.012146
0.02114
0.04212
0.0075623
0.0043505
0.009716
0.0079125
0.0025356
0.0018567
0.0022534
0.015845
0.011965
0.002253
0.0027108
0.0050867
0.0028588
0.00052847
0.0012381
0.0046925
0.021035
0.017475
0.0064252
0.0080085
0.019936
0.0054162
0.007639
0.0096369
0.0038988
0.0074295
0.0052453
0.0091304
0.022214
0.0043448
0.010009
0.011945
0.003235
4.6052e-05
0.0049879
0.0019758
0
0
0.0016294
0.0040261
0.0019602
0.00090581
0.00022809
0
2.4952e-05
1.9726e-05
0.00018409
0.010041
0.0069871
7.3691e-05
0.00017638
0.00081576
0.00046003
0
0
6.6164e-05
0
0
0.00032844
0.0021377
0.00090552
7.5015e-05
7.8612e-05
0
5.3662e-05
0.00033452
0.0018823
0.0011091
0.00016036
8.3142e-05
8.5956e-05
0.00016263
0.002084
0.0030641
0.0025246
0.0048275
0.0021127
0.0017539
0.00035403
0.0015491
0.0033372
0.0006151
0.00025031
0.0001246
0.00077454
0.00045345
0.00022643
0.0012309
0.0013893
0.0014098
0.0017812
0.0019507
0.00062934
0
0.00093307
0.003391
0.00056092
0.0015466
0
0
0
0
0
0
0.0070463
0.0028384
0.0018855
0.0017005
0.00095638
0.00032964
0
0.0025402
0.0028127
0.0025057
0.0012599
0.0089837
0.0070763
0.0018675
0.0038193
0.0043016
0.0014291
0.004804
0.0035208
0.00014673
0.015083
0.0016307
0.0030493
0.001339
0.00048557
0.0064366
0.0020204
0
0.0040651
0.0020578
1.8714e-05
0.00046477
0.012493
0.0064055
0.0024938
0.0062611
0.014361
0.0023525
0.0070309
0.0064346
0.00052761
3.2112e-05
0.00058321
0
0.00049265
0.0014511
0.003333
0.0065018
0
0
0
0
0
0
0
0
0.00041425
0
0.0012937
0
0
0
0.00028078
0.00090867
0.0024755
0
0
0
0
0
0.00039967
0.0025344
0.00088374
0
0
0
0
0
0
0.0045342
0
0
0
0
0
0
0
0
0.0038626
0
0
0
0
0
0
0
0.0034965
0
0
0.00045502
0.00046003
0
0
0
0
0
6.0514e-05
0.00069757
0.00022279
0
0
0
0
0
3.7428e-05
0.00065955
0.00017448
0
0
0
0
0
0.001253
0
0
0
0
0
5.7342e-05
4.6052e-05
0.0024412
0.0012267
0
0
0.00085842
0.00058297
0.00018492
0
0
0
2.4952e-05
1.9726e-05
0.0002746
0.0013336
0.00073009
0.00083307
0.00022809
0
0
0
0
0.0040568
0
0
0
0
0
0
0
0
3.5562e-05
1.3949e-05
7.205e-05
0
0
0
0
0
4.1846e-05
5.9742e-05
0.00010433
8.7814e-05
0.00018647
7.5015e-05
7.8612e-05
0
0
0
0.00017906
0.00071149
0.00025751
0
0
0
5.3662e-05
0
0
0
0.00016036
8.3142e-05
8.5956e-05
0.00016263
0
0
0.0011289
0.0017258
0
0
0
0
0
0.00017203
0.00067494
0.0024849
0.00071249
0.00020229
0
0
0.0012571
0.00092546
0.00037338
0.0004987
0.00051174
0.00033821
0
0.00069011
0.00072121
0
0
0.00018204
0.00046573
0.0002781
0.0001488
0.00062767
0.00039754
0
1.3233e-05
0
9.8632e-06
0.00010193
1.2476e-05
0.00016413
0.00023062
0.00010983
0.00014607
0.00045277
0.00034469
7.3413e-05
3.5562e-05
0.00070963
0.00023161
0.00029176
0.00019012
3.1808e-05
0
0
0
0.00020834
0
0
0
0
0
0
0
0
0
0
0
0
0
0
0
0
0.00011704
0.00089154
0.00086897
0
0
0
0
0
0.00070984
0.0013299
0.00092119
0.0018469
0.00037816
0.0007691
1.5904e-05
0.00053589
0.00011976
0.0002226
0.00022115
2.7897e-05
0.0006774
0.00044426
0.00036771
0.00032309
0.0015862
0.00011136
0.00018378
4.411e-05
0
0
0
0.00033554
0.00076358
0.00042626
0.00019613
0.0010867
7.1261e-05
0
6.8477e-05
0.0016409
0.00017485
7.5116e-05
0.00065946
0.0003504
0
0
0.00068095
0.00096837
0
0
0
0
0
0
0
0
0
0
0
0
0
0
0
0
5.9434e-05
0.00056159
0.0016507
4.1613e-05
0
0
0
0
0.00046323
0
0
0
0
0
0
0
0.0003475
0.0006177
0.00077249
0.00029131
0
0
0.00014076
0.00034835
0.0008385
0.001742
0.00010079
0.0006217
0.00065581
0.00033761
0.00031325
0.0005142
0.0010971
0.0039254
0.0025028
0.0007242
0
0.0012322
0.0012647
0.0012868
0.00049904
0.00029595
0.00091813
9.0934e-05
0.0016447
0.00076181
0.0022242
0.0010702
0
0
0
0
0
0
0
0
0
0.0006962
0
0
0
0
0
0
0.0030961
0.0013919
0.00015317
0
0
0
0
0.00039344
0.0034275
0.001311
0.00020519
0.0015045
0.000752
0
0
0.0017015
0
0
0
0.0041527
0.0012017
0.00032964
0.0025564
0.0018921
0.00077631
0.0004593
0.0004748
0.0031926
0.0041125
0
0.00014243
0.00077386
0.00078185
0.0005603
0.00035336
0.00013588
0.0065357
0.00040239
0
0.00023045
0
0
0
0
0.0063371
0
0
0
0.00024914
0
0
0
0
0
0
0.00042453
0.00079735
0.0033956
0.0010396
0
6.7475e-05
0.00047742
1.8714e-05
4.0242e-05
1.3949e-05
0.00024115
0
0.0002226
0.0010352
0.00083782
0.00011367
0
0
0
5.9996e-05
0.00059987
0.0064241
0.00034332
0
0
0
0
0
0
0.0010235
0.0014876
0.00041048
0
0
0
0
0
0
0
0
0
0
0
0
0
0
0
0
0
0
0
0
0
0
0
0
0
0
0
0
0
0
0
0
0
0
0.0031986
0.00098082
0
0.0036154
0.0015015
0
0
0.005257
0.004197
0.00059776
0.0028
0.0036314
0
0
0.00081213
0.006301
0.00072068
0.0016664
0.0018439
0.0024999
0.0010995
0.0064454
0.0052503
0.0014034
0.00062757
0.00041753
0
3.6374e-05
0.0003819
0.002056
0.0066363
0
0
0
0
0
0
0.00028016
0.00023778
0
0
0
0
0
0
0
0
0
0
0
0
0
0
0
0
