0.030484
0.030497
0.035503
0.030724
0.035412
0.02139
0.032524
0.035044
0.0077209
0.01073
0.0087771
0.0059719
0.010423
0.0043891
0.0090705
0.0058997
0.0047117
0.0051875
0.0095257
0.0062219
0.005747
0.0022276
0.0079478
0.0075828
0.0088484
0.0067488
0.011566
0.0092191
0.0092079
0.011124
0.011962
0.0096319
0.0092032
0.0078303
0.0056347
0.009311
0.010033
0.0036492
0.0035435
0.011929
0.0019045
0.0035172
0.0042024
0
0.00051212
0.00052668
0.00030427
0.0029447
0.0045921
0.00053474
0.00014887
0.00031956
0.0014061
0.0013305
0.0055834
0.0025273
0.0026635
0.00094605
0.00059356
0.000871
0.0017027
0.00010308
0.00022247
0.00065006
0
9.4642e-05
0.00021339
4.3343e-05
0
7.4822e-05
0.0008742
5.2371e-05
0.00012052
0.0026468
0.0030365
0.0040885
0.0032933
0.0012253
0.0027571
0.00042774
0.00076876
0.0040312
0.0011392
0.0015023
0.0049212
0.00099071
0.00042578
0
0.0018607
0.0029382
0.0057172
0.0024208
0.0037105
0.0017388
0.0025473
0.0036647
0.00052254
0.00096776
0.0027441
0.002645
0.00062435
0.00031092
0.003382
0.0029579
0.0032267
0.0017245
0.0019851
0.00041963
0.00070319
0.0050143
0.0040694
0.0027823
0.0047011
0.0022875
0.0040275
0.0012696
0.0012295
0.00087571
0.0020125
0.0048203
0.0015141
0.0049377
0.0025139
0.0030445
0.0027367
0.0023751
0.0023789
0.0018784
0.0049012
0.0026752
0.0021774
0.00097737
0.003441
0.00055562
0.0013785
0.00043309
0
0.0014955
0.0041521
0.001993
0.0033784
0.0015629
0.0023418
0.00020536
0.00082154
0.00095355
0.0015557
0.0053134
0.0038969
0.0039869
0.0034799
0.0016509
0.0021084
0.00039231
0.00079414
0.004285
0.0015792
0.00011855
7.5631e-05
0.0066883
0.00077858
0.00024102
0.00050214
0.0013342
0.0022093
0.00055498
0.00055513
0.0031783
0.00099073
0.0018142
0
0
0
0
0
0.00022585
0.00091375
0.00057643
0.00088068
0
0.00051212
0.00052668
0.00030427
0.0025991
7.9496e-05
0.00019015
0
0
0.00023855
0.00010977
0.0028338
0.00049376
0.00012799
0.00034459
0.00014887
0.0002339
0.0010939
0.00024134
0
0
0.00074236
0.00010275
0
0.00030471
0.0013487
0
0
0
0.00052652
0.0001398
0
0.00011047
0
0
0
3.0648e-05
0
0
0
0
0
0
0
0
0
0
0
0
0
0
8.2505e-05
0
0
0.0011266
0.0030841
0
0
0
0
0
0
0
0
0
0
0
0
0
0
0
0
0
0
0.00077419
0.0027495
0.0018615
0.0040941
0
0
0
7.3657e-05
0.00020522
0
0.00029181
0.001448
0.0003253
0
0
0
0
5.4274e-05
0.00025536
0.00023714
0.00030821
0.00018159
0.00036097
0.00035397
2.3581e-05
0.00016819
0.00032018
0
7.0002e-05
0.0004813
9.034e-05
0
0
0
4.386e-05
0
9.4642e-05
8.9645e-05
4.3343e-05
0
7.4822e-05
0.00074632
5.2371e-05
0
0.0025281
0.0023292
0
0
0
0
0.00020104
0
0
0
0
0
0
0
0
0
0
0
3.3461e-05
0
0
0
0
0.00015011
9.3845e-05
0.00026524
0.00054151
0.0014124
0.0003548
6.6302e-05
0
0.00011307
0.00010005
0.00064306
0.001693
0.0019637
0
4.1482e-05
0
0.00074617
0.00037616
0.00021441
0.0004719
7.7946e-05
0.00066387
0.00035208
0.0011501
0.00040411
0.00046357
0.00052204
0.00038945
0.00028202
3.1255e-05
0
0.00095134
0
0.00013751
0.00063322
0.00027596
9.9157e-05
4.5623e-05
0.00047162
6.4695e-05
0
0
0.00085776
0.0019982
0
0.00056575
0.0027125
0.00013013
0.00012052
0.00011872
8.7247e-05
0.0020903
0.0032094
0
4.4624e-05
9.6568e-05
0
0
8.3371e-05
0.0007527
0.001674
0.00041413
0
0
0.00061865
0.0039374
0.00028816
0.00017461
0.0014794
0.00032062
0
0
0.00069298
0.0012878
0.0016883
0.00025589
0.0020399
0.0011544
0.0025132
0.00093506
0.00017476
0.00064151
0.0029443
0
0
0
0
0.0007786
0.00025211
6.3582e-05
0
0.00090689
0.0003115
0.00023404
0.0014789
0.00172
0
0
0.0010634
0.00086627
0
0
0.00053966
0.00027897
0
0
0
0
0
0.0026686
0.0019741
0
9.1017e-05
0.00055093
0.00040418
3.5636e-05
0.00027837
0.00019674
0.0011095
0.0014272
0.00060562
0.00056594
0.00026953
0.0002063
0
0
0
6.6773e-05
0.00056125
0
0.0036485
0.0005822
0.00013935
0.00015901
0.00039556
0.0011634
0.00065393
0.0021674
0.0015332
0.00051727
0.00064901
0.0019977
0.0015438
0.001382
0
0.0022014
0.00075632
0.00012002
0.00075815
6.6697e-05
0
0
0.00024235
9.2107e-05
0.00017484
0.00034875
0.0020461
0.00021121
0
0
0.0028077
0.0024402
0.0022265
0.00059997
0.0016497
0.00028226
0.0023157
0.00040678
0.0027647
0.00081961
0.00061573
0.00030431
0.00042482
0.0026258
0.00025829
0.00023238
0.000371
0.00035397
0.00020387
0
0
0
0.00045603
0.00082814
0.0012485
0.001116
8.5858e-05
0
0.00062867
6.8586e-05
0.00036651
0.0022258
0.0021079
0.00047008
0.00027812
0
0.00046146
0.00064812
0.0011732
0.0010325
0.00048633
0.0006286
0.00010944
0.000796
0.00025095
6.0865e-05
0.00019321
0.00059736
0.00027464
0.00038417
0.00015583
0.0016109
0.00057314
0.00024981
0.00039252
0.00040238
0.0016909
0.00044849
0.00058307
0.0006079
0
6.2148e-05
0
0.00043309
0.00025614
4.9418e-05
0
0
0
0
0
0
0
0.0007704
0.0027094
0.0007439
0
0.00025947
0.0017131
0
0
0
0.00015225
0.00019542
0
0
0
0
3.6778e-05
8.509e-05
0
0.00044824
0.00093466
0.003057
0.00027414
4.6682e-05
0.00034478
0
0.00051784
0.0034296
0.00045335
0
0.00036827
0.001541
0.0004725
5.591e-05
0.00063807
0.0025703
0.00025066
0
2.326e-05
0.00094427
0.0011626
0.00045403
0
0
0
0
0.0002493
0.00016883
0.00013257
5.4825e-05
0
0
0
0
0
0
0
0
0
0
0.00050876
0
0
0
0
0.00072509
0.0019468
0
0
0.00036284
0.00084152
8.5683e-05
0
0
0
0.00091579
0.0024097
0.00035888
0
0
0
5.2371e-05
3.928e-05
0.00055148
0.0026629
0.00087753
0.0029148
0
0.00032056
0.00033141
0.00099862
0.00055305
0.0001133
5.2371e-05
0
0.00015288
0
0
0
0
0.00057685
0
0
0.0039563
0.00061542
0
0.00036319
0.0018172
0.00041293
0
0
0.0019033
7.8497e-05
0.00014049
0.00016216
0.00035684
0.00028958
0.00011322
0.0001166
0.00066277
0.00033506
0.00010053
0.00033998
0.00042629
0.0014465
0.0004173
0.0004909
0.0021915
