0.041586
0.012557
0.010254
0.055866
0.064086
0.0086083
0.010054
0.055622
0.0062124
0.0047317
0.004061
0.0084222
0.010281
0.0033089
0.002687
0.0054851
0.015845
0.0018583
0.0025464
0.020971
0.018458
0.0017744
0.0040624
0.025154
0.0047139
0.0036118
0.0021412
0.0072943
0.0042864
0.001247
0.0012897
0.0062566
0.014814
0.002355
0.0015059
0.019178
0.031061
0.002278
0.002015
0.018727
0.0015984
0.001597
0.00085202
0.00081015
0
0
0
7.2529e-05
0.0031812
0.00065928
0.00060797
0.0044393
0.0064768
0.00075407
0.0019475
0.0039851
0.0051984
0
0.00021698
0.0045931
0.010152
0
0
0.0075437
0.0073463
3.4663e-05
0.00039546
0.0069371
0.0018818
5.2634e-05
0.00040697
0.01233
0.00027924
0.0017537
0.0012138
0.0012129
0.00099499
0.00038466
0.00019563
0.00015304
0.00086366
0.00064834
0.0013872
0.0015805
0.0026464
0.0021246
0.0004953
0.0012224
0.00095617
0.00059196
0.0008987
0.0021962
0.0010862
0.00048978
0.00036634
0.00074593
0.0024181
0.0012317
0.00092587
0.0074799
0.0050489
0.0012775
0.003064
0.0038958
0.0012782
0.00099582
0.00013423
0
0
3.4931e-05
5.2456e-05
0.00031816
0.001434
0.0014621
0.00049513
0.00031544
0.00064592
0.00058995
0.0005508
0.0017111
0.0013292
0.00092971
0.00026578
0.00072336
0.0022985
0.00095598
0.00082182
0.0018748
0.0020892
0.0015745
0.0013494
0.0064795
0.0086592
0.001322
0.0014384
0.0025837
0.00040108
0.00087888
0.0012258
0.0037726
0.00058261
0.00022442
0.00021245
0.00081557
0.0013483
0.00019918
0.00028604
0.0030765
0.00278
0.00031843
0.00047396
0.0029968
0.00072337
0
0
0.0059178
0.013912
0
2.8448e-05
0.01236
0.010603
0
0
0.0056725
0.0062197
0
0
0.0019678
0
0
0
0
0
0
0
0
0.00083931
0.0001329
9.1743e-05
0.00061603
0
0
0
7.2529e-05
0.00036525
0
8.9441e-05
0.00061623
0.0032475
0.00019521
7.7509e-05
0.0018689
0.0018253
0.00013413
0.00011948
0.0024031
0.0030158
0
6.592e-05
0.00054015
0.0047043
0
0
0.0020344
0.0033722
0
0
0.00034455
0
0
2.1172e-05
0.00077821
0.0050333
0
0
0.0052232
0.0053039
0
8.5351e-05
0.00039262
5.3862e-05
0
0
0.00032188
0.00067241
0
0
0
0
0
0.00025539
0.0050146
0
0
0
0
0
0
0
0
0.00063282
0.0013087
0.00069497
0.00010275
0
0
0
0
0.00048114
0.00027981
0.00019929
4.7407e-05
2.47e-05
8.5752e-05
0.00017058
0.0011131
0.0001045
0.00022303
0.00026506
0.00060301
0.0001888
0.00031039
0.0016081
0.00046291
0
0
0.00013541
0.0013154
0.00074261
0
0
0
0.00012234
0
0
0.00038463
0.00076265
0
0
0.0013763
0.00021481
0
0
0.003491
0.00037084
0
0
0.0037681
0.0018205
3.4663e-05
0.00012005
0.003331
0.0014869
5.2634e-05
0.00015158
0.0023961
0.00018162
0.00054803
0.00049144
0
0.00038354
0.00032209
0.00019563
9.3157e-05
9.7615e-05
0.001361
0.00018038
0.00064259
0.00021294
0
0
0
0.00026322
0.00010423
0.00010476
0.00022204
0.00079403
0.00047519
0.00017855
0.00030172
0.00060044
0.0003562
0.00026398
0.00012475
0.00043166
0.0010962
6.135e-05
0.00095796
0
2.3004e-05
0
0
0.00012911
4.5531e-05
0.00023451
2.2594e-05
0
3.7509e-05
0.00025737
0.0016299
0.00015319
0
1.2723e-05
0
0.00079238
0.00029334
0.00084815
0.0024325
0.00081286
0
0.00013401
0.00065367
0.00028705
0
5.5792e-06
0.0046277
0.0028981
0
0.00010626
0.00024388
0
0
0
0
0
0
0
0
0
0
0.00054199
0.00057034
0.00029889
0
0
0
0
5.2456e-05
0.00023131
0.00047377
0.00073389
0.0002624
0
0
0
0.00013476
0.00062959
0.00070101
0.00056323
0.00051614
9.4846e-05
0
0.00012625
0.0001941
0.00019981
0.00010904
0.00036445
0.00027207
0.00020005
0.00048123
0.0005943
0.00026768
0.00018234
0.00042685
0.00017516
0.00017217
6.2577e-05
8.7364e-05
0.0013846
0.00090312
0.00015287
9.9865e-05
0.00064646
0.0005874
0.00015965
0.00022784
0.00017595
0
0
0.00017455
4.8446e-05
0.00067512
0.0021019
0.0026661
0
0
0
0
0
0
0
0
0
0
0
0
0
0
0
0
0
0
0
0
0
0
0
0
0.00031924
9.3276e-05
0
0
0
0
0
2.7559e-05
0.00091304
0.00038518
0.00013986
0.00063133
0.00029401
0.00025474
0.00018008
0.0002836
0.0001568
0.00011251
0
0.00029025
0.00026492
0
0.00013171
0.00051778
0.00029341
0.00051976
0.0012511
0.0001732
0.00010387
0.00018831
0.00065888
0.00019304
0.0013328
0.00055957
0.0003416
0.0003771
0.00088668
0.00063332
0.001363
0.00085281
0
8.9441e-05
0
0
0
0
0
0
0.0012014
0.00049811
0
0
0
3.4931e-05
0
0.00031816
0.00015748
0
0
0
0
0.00011866
0.00043965
0.0002239
0.00063631
0.0011844
0.00044805
0.00021739
0.00045965
4.2417e-05
9.6565e-05
0.00046666
0.00025414
0.00050618
0.00026578
0.00028336
0.00074598
0.0008583
0.00040582
0.0010099
0.00022856
1.8165e-05
0
0
0
0
0
0.00022577
7.4058e-05
0.00017153
0
0.0012057
0.0036716
0.00057816
8.9962e-05
0.00016204
0.00038896
0.0004327
0
0.0031685
0.0042538
0
0
0
0.00040108
0.00065693
0.00024073
0.0012771
0
0.00022442
0.00021245
0.00081557
0
0.00055101
0.00040477
9.8221e-05
8.9889e-05
0
0
0
0.00016043
0
0
0.00021138
0.00019487
5.607e-05
0.00032902
0.0005356
3.7509e-05
0.00011108
5.8124e-05
0.0003307
0.00070418
0
0.0001194
0.0023874
0.00010016
0
0
0.00054898
0.0041949
0
6.391e-05
0.0062951
0.00069867
0
0
0
0.0039382
0
0
0.0053433
0.003309
0
0
0
0.000306
0.00020899
0
0.0027386
0.0055222
0
0
0
0
0
0
0
0
7.9207e-05
0.00071451
0.00045286
0.00019967
0
0
0
0
0
0
0.0018911
0.00020558
0
0
0
0
0
0
0.00059745
0.0013573
4.4424e-05
0
0
0.00026079
0.00019918
0.00022792
0.0017798
0.00026055
4.2927e-05
0
0
0
0
0
0.00031232
0
0
0
0
0
0
0
0
0
0
0
0
0.00037683
0
0
0.0019766
0.0024716
0
0
0.00037966
0
0
0
0.00077594
0.00032082
0
0
0
