0.030802
0.036449
0.02265
0.038591
0.023577
0.044273
0.022525
0.033849
0.0092734
0.0072201
0.0078229
0.010439
0.0081019
0.011408
0.0073263
0.010347
0.0049778
0.0072269
0.0043336
0.0021623
0.0029809
0.0056609
0.0050004
0.0086043
0.011049
0.010019
0.0043407
0.01726
0.0041607
0.0038199
0.0046779
0.0096831
0.0055017
0.011983
0.0061525
0.0087298
0.0083331
0.023385
0.0055208
0.005214
0.0038079
0.0013756
0.002824
0.0034827
0.0031613
0.0022882
0.0019125
0.0037687
0.00029802
0.0002291
0.00021683
0.0010468
0.0011134
0.00080923
0.00062793
0.00088042
9.3051e-05
0.00047386
0.00021267
5.5997e-05
0.00043228
0.0010901
0.00063282
0.00029852
0.00013253
9.2841e-05
0.00036015
2.0657e-05
0
0
0
0.00023629
0.0026278
0.0027416
0.0035357
0.0033912
0.00073166
0.0034292
0.003245
0.0038825
0.0022808
0.0027258
0.0012463
0.0024743
0.0029764
0.0047468
0.0015011
0.0017104
0.0030916
0.0049791
0.0018501
0.0018595
0.0026678
0.004337
0.0027736
0.0037324
0.0016606
0.0014251
0.0019107
0.00023628
0
0.00023379
0.0013235
0.0041698
0
0
0
0.0020894
0.0010108
0.00025997
0
0.0038901
0.00189
0.0037195
0.002904
0.0020351
0.0012645
0.0010371
0.0037865
0.0024425
0.002416
0.0067634
0.0043879
0.0030525
0.0038611
0.0043238
0.0027789
0.0039142
0.00083064
0.0016433
0.001228
0.00015643
0.0010115
0.0028667
0.0015272
0.00069915
0.0054551
0
3.6076e-05
0.0043055
0.00054502
0.00020545
0
0.00071527
0.0039626
0.0051522
0.0013123
0.0088299
0.0011631
0.0020455
0.00066662
0.0022517
0.00136
0.004217
0.00056126
0.0030556
0.0028915
0.016249
0.0015249
0.00021252
0.00086412
9.2479e-05
6.3647e-05
0.0024653
0.00074646
0
0
0.0010443
0.00043216
0.00062036
0.0011044
0.00066602
0.0010494
0.0014038
0.00052439
0
0
0
0
0.00015959
0.00089856
4.1827e-05
3.9194e-05
0.0002383
0
0
0
0.00064192
0.00065502
0
0
0
2.8096e-05
0
0
0
0
0.00076541
2.6129e-05
0.00040448
0
0
0
0
0
0
8.546e-05
0.00015875
0
0
0
0
0
0
0
0
0
0
0
0
0
0
0
0
0
0
0
0
0
0
0
0
0.0030125
0.00066983
0.0016018
0.0024387
0.0012133
0.00072476
0.000693
0.0024586
0.00010315
8.5434e-05
0.00011776
0.0001443
0
0.00011783
0.00065595
0.00086928
0.00029606
0.0002291
0.00021683
0.00043923
0.00028244
0
0.00012905
0.00021106
0
0
0
0
0
4.382e-05
0.00042702
0.00023397
3.724e-05
0.00044693
0.00015705
0
0.00012657
0.00099677
0.00059308
0.00018732
0
0
0
5.5997e-05
0.00023704
0
0
0
0.0001367
0
0
0
0
0
0
0.00014801
0
0
8.0997e-05
2.0657e-05
0
0
0
0
0.0017362
0.00053894
0.001202
0.0016011
0.00073166
0.0013879
0.0015247
0.00045662
0
0
0.00023722
0.0012508
0
0
0.00016984
0.0022346
0.00023853
0
0.00031056
0.00057421
0.00068058
0.00034082
0.001097
0.00078328
0.001706
0.00147
0.00065454
0.0014728
0.0021471
0.0029147
0
0.00073548
0
7.7132e-05
5.562e-05
0.00026227
0.00063081
0.00051701
0
4.1571e-05
0.00057619
0.00014101
0.0007404
0.00022145
0
5.4064e-05
0.00033603
0.0013384
0.00056609
5.5029e-05
3.3627e-05
0
0
5.1642e-05
0.00037803
0.00058342
0.00050686
0.0001805
0.00059497
0
0
0
0
0.00099736
0.00097874
0.0020814
0.0020965
0.0004046
0
0.0020413
0.0013856
0.0010846
0
0
0
0
0
0
0
0
0
0
0
0
0.00010875
0.0011362
0.00040411
9.5111e-05
7.5192e-05
0.0009785
0.00028121
0.00047762
0.0002159
0.00018381
0
0
0.00087715
0.0037782
0.00091303
0.0013915
2.9576e-05
0
0
0.00010784
0.0011704
0.00066427
0.00016308
6.197e-05
0.0020761
0.0038593
0.0016343
0.0018611
9.0809e-05
0.00019815
3.8089e-05
0
0
4.7105e-05
0.00059681
0.0014178
0.00016079
8.0881e-05
0.00085646
0.00013055
0
8.8848e-05
0.00028587
0.00058482
0.00014679
0.00012124
0
0.00086837
0.00026878
0
0.00016487
0.00016133
0
0
0
0.0011656
0
0
0
0
3.9734e-05
0
0
0.00030977
0.00015302
0.00077853
0.00086595
0
0.0012115
0.0011242
0.00048065
4.642e-05
0
0.00020951
0.00034505
0.0007815
0.00022932
0.0016031
0.0022367
0.00032638
0
3.3308e-05
8.2239e-05
0.00049735
0.0018469
0.0011179
0.00079601
0.00059785
0.0006625
0.00094686
0.0016832
0.0022124
0.0004306
0.00026335
1.3065e-05
6.8666e-05
0.00025713
0.0006656
0.0011441
0.0010562
0.00011776
0.00071903
0.00038727
0
7.5192e-05
0.00096139
0.00030987
0.00014575
0
0
0
0
0
0
0
0.0022086
0
0
0
0
0.00051092
0.00018131
0
0.0016169
0.00016715
4.3576e-05
0.00030155
7.7429e-05
0.00051894
0.00022017
0.00027355
0.00030694
0.00046793
0.0021706
0.0017742
0.001401
0.00037035
0
0.0022197
0.00048065
0.00018739
0.00067964
0.001012
0.00072843
0.0019089
0.0011455
0.00088049
0.0019071
0.00020903
0.0034753
0.00055567
0.0016048
0.0011411
0.00062334
0.00053276
0
0.00034162
9.8157e-05
0
0.0001852
0.00071506
0.00083381
0.00050584
0.00055931
0
0.00028701
0.00034147
0
5.5812e-05
0.0006565
7.3975e-05
0
0.00072456
0
3.6076e-05
0.00072676
5.8426e-05
0.00011447
0
0.00042413
0.0045226
0
0
0.0029644
0.00065743
0.00016964
0
0.00029114
0.0028567
0.00020562
0
0
0
0
8.0667e-05
0.00079152
0.0013138
0.00084935
0.00013522
0
0
0
0.0001481
0.0013598
0.0012477
0.002905
7.8059e-05
5.1019e-05
0.002268
0.0079753
0.00097376
0.0005641
0
0.0001616
0
0.0022637
0.00013679
0
0
0
0.00017472
0
0
0.0025042
0.00062613
0.00010915
4.1827e-05
0.00058678
0.00095042
0.00013664
0
0.00040125
0.00049231
0
0
0.0004575
0
0
0
0
0
0
0
0
0
0
0
0.00032267
0
0
0
0
0
0
0
0.0046802
0
0
0
0
0
1.9045e-05
0
0.0044413
0.00089659
0.001071
0
0
0.00043771
0.0037196
0.0017955
0.00022296
0.00072056
0.0086997
0.00055115
0
0
0
0
0
0
0
0
0
0
0
0
0
0
0
0
0
0
0
0
0
0
0
0
0
