0.033781
0.023872
0.01894
0.03698
0.03778
0.024863
0.025002
0.050432
0.0054648
0.002986
0.0055401
0.010088
0.0072893
0.0050417
0.0050139
0.012133
0.00952
0.0058546
0.0039821
0.0067105
0.0095954
0.0063074
0.0052842
0.013391
0.010253
0.011385
0.0040816
0.0047761
0.0098804
0.0092506
0.0091351
0.0077049
0.008543
0.0036472
0.0053364
0.015406
0.011015
0.004263
0.0055691
0.017203
0.0011905
0.0010857
0.0020534
0.0016441
0.0021955
0.00058036
0.0020375
0.0030315
0.0014752
0
0.00011256
0.0035848
0.0011732
0.00053701
0.0012033
0.0057915
0.0022693
0.00028522
0.00034833
0.0011345
0.0029259
0.000276
7.7486e-05
0.0009159
0.00063694
0.0002698
0.00037054
0.00089261
0.00030114
5.1785e-05
0.00013067
0.0023818
8.9396e-05
0
0.00057127
0.0015384
0.0012696
0.0009396
0.00055396
0.0010439
0.0024202
0.0017991
0.0026568
0.0032705
0.0025745
0.0027706
0.0012191
0.0015534
0.0026259
0.0040139
0.0018962
0.0012321
0.0022596
0.0043219
0.0015237
0.0033146
0.0040051
0.0012407
0.0013572
0.0033895
0.0041853
0.0016559
0.0031672
0.0067235
0.00078027
0.0042176
0.001101
0.00039998
0.00016665
0.0012714
0.0057485
0.0004341
0.0029089
0.0030467
0.0022708
0.001602
0.0012591
0.0013422
0.0020325
0.0027289
0.0010167
0.0016737
0.0027126
0.003824
0.0030512
0.0021391
0.0034831
0.0050898
0.0026807
0.00081904
0.0011923
0.0041943
0.0038056
0.00124
0.0015268
0.0040215
0.0018629
0.0039172
0.00070981
0.00084911
0.0018209
0.0050327
0.00045258
0.0020096
0.0048909
0.00030426
0
0.0016346
0.0064963
0.0015526
0.00049749
0.0027211
0.0025765
0.00025434
0.0012315
0.0065551
0.0019035
0.00023015
0.00087461
0.0074979
0.0023513
0.00094509
0.00035606
0.001115
0.0021966
0.00084026
0.00031483
0.00099176
0
0
0
0
0.00043737
0.00022805
0
0
0
0
0
0.0016441
0.0015496
0
0
0
0
0
0
0.0018222
0.0013817
0
0
0
0
0
0.0001007
0.00030608
0
0
0
0
0
0
0
0
0
0
0
0
0
0
0
0
0
0
0
0
0
0
0
0.0001047
0.00010679
0
0
0
0
3.7518e-05
0.00013733
0.0005671
9.6778e-05
0
0
0
0
0
0
0
0
0.00035232
0.0015044
0.00025151
0.00090161
0.0010857
0.0019492
0
0
0
0.00053301
0.00275
0.0015633
0
0
0
0
0
0
0.0031275
0.00020077
0
0
0.0014181
0
0.00041359
0.0012033
0.0026939
0.0013051
0.00028522
0.00019158
0.00061388
0.00099888
0.00020795
7.7486e-05
0.00035258
0.00047632
0
0.00016861
0.00037405
0.0017789
6.8048e-05
0
0.00050619
0.0003505
0.00019642
0.00023321
0.00029254
5.9116e-05
5.1785e-05
6.5813e-05
0.00049298
0.00026746
0
0
0
0
0
6.4852e-05
0.0011503
0
0
0
0
0
0
0
0
0
0
0.00061064
0.0011412
0.00021567
0.0001275
0.00018779
0
0
0
0.0005531
0.0010635
0.00088085
0.00057975
0.00025588
0
0.00090021
0.00049721
0.00066854
0.0010545
0.00093778
0.0015139
0.00021239
0.00047895
0.00084082
0.00067214
0.00012725
0
0.00093625
0.0016699
0.00038743
0.0003893
0.00049237
0.00067224
0.00054286
0.00053671
0.0008867
0
0
0.00067467
0.00032126
0.00047849
0.0003525
0.00083308
0.00048148
3.1505e-05
0.00015197
0.0014438
0.00065446
0
0.00034499
0.0012334
0.0014102
7.2553e-05
0.0010297
0.0029546
0
0
0
0
7.8405e-05
0.00022044
7.4468e-05
0
0
0
0
9.073e-05
0.00088382
0.00028653
0.0002917
0.00082551
0.00099924
0.00047776
0.00082197
0.00087817
0.00032977
0.00011862
0.00029452
0.00080454
0.00028796
0.00034785
0.00017664
0.00027192
0.00025733
0.00010479
0.00045635
0.0001873
0.00080202
0.001479
0.00088226
0.00061978
8.9667e-05
0.0028541
0.00069468
0.00068524
0.00073757
0.0012125
0.00024569
3.0725e-05
0.00041688
0.00027029
6.5076e-05
0.00081581
0.0011486
0.00045602
8.3268e-05
0.00053352
0.00077413
0.00012077
0.001479
0.0009897
0.0012298
0.00021912
0.00057639
0.00082332
0.001356
0.00044902
0.00051747
0.001427
0
0
0
0
0
0.0011456
0.0016834
2.3368e-05
0.00040672
0.00063579
0.000406
0.00027714
9.1715e-05
0.0002013
0
0.00026076
0.0013859
0.00096719
0.00010001
0.00033175
0.0005904
0.00014556
0.00011245
0.00075409
0.00018783
0.00068928
0.00034731
0.00041446
0.00040245
0.00045883
0.00010494
0.00041611
0.00038441
0.00073961
0.0014101
0.00049624
0.00034089
0.00017364
0.0012712
0.0012553
0.00030338
0.00064944
0.00071243
0.0003827
0.00090053
0.00048959
6.9179e-05
0.0010068
0.00039246
0.0005809
0.00038884
0.00095915
0.0013671
0.0011454
0.00011731
0.00063884
0.0010962
0.00026894
0.00038676
0.001086
0.0012288
0.0005199
0.0008215
0.0016176
0
0
0
0
0
0
0.0002786
0
0.00030122
0.0026167
0.00075984
0.00010446
0.00016665
0
0.0029246
0.00021042
0.00048412
0.00099884
0.0005653
8.0828e-05
6.8704e-05
0.0008132
0.0010134
0.0011948
0.00082046
0.00039137
0.0013614
0.00073326
0.00013616
0
0.00067128
0.00046129
0.00038225
0.0004591
0.00068822
0.00093573
0.0010884
0.00044451
0.0024399
0.0023298
0.00018004
0.0002001
0.00025523
0.0010048
0.00057925
0.00028426
0.0002635
0.0008092
0
0
0.00022005
0.0002193
0.00021482
4.0444e-05
0.00011362
6.9547e-05
0.0017936
0
4.2975e-05
0.001501
0.0010961
0.00031169
0.00048845
0.0018818
0
0
0
0
0
0
0
0
0.00021674
0.0041787
0.00020734
0
0
0.0036682
0.00038251
0
0
0
0
0
0
0
0
0
0
0
0
0
0.00077484
0.0012382
0.00062223
0.00015522
0.00053624
0.00030936
0.00078201
0.0015549
0.00041137
0
0.00038178
0.0016334
0
4.6003e-05
0.00026222
0.0012889
0.00096099
0.00033799
0.00059884
0.0015693
0.0014862
0.00044096
0
0
0
0
0
0
0.00077465
0.00040651
0.00046633
0.0004138
0.0004469
0.00043757
0.00021598
0.00091335
0
0
0
0
0
0
0
0
0.0014063
0.00070368
0.00050247
0.00084911
0.0015461
0.0015642
0.00045258
0.0020096
0.0025477
0
0
0.0014801
0.0030611
0
0
0.0017892
0.0025254
0
0
0
0.0028361
0.00031438
0
0.0007006
0.00044478
0.00020324
0.00018729
0.0023571
0.00022212
0
3.3629e-05
0.0012207
0.0016531
0
0
0.0023877
0.00045611
0.00010989
0
0.0025864
0
0.00014651
0
0.00053588
0.00070521
3.1157e-05
0
0.00062473
0
0
0
6.9696e-05
0.00077333
0.00014111
0
0
