0.036978
0.030846
0.032643
0.038958
0.037592
0.016992
0.028324
0.029991
0.0040599
0.0028451
0.0051043
0.0070535
0.010988
0.0044287
0.014467
0.0070642
0.01328
0.004884
0.0074367
0.013248
0.0038002
0.00094254
0.0025546
0.0039883
0.0082691
0.0060215
0.0098743
0.0087022
0.013618
0.0044371
0.0053409
0.012472
0.011368
0.017096
0.010228
0.0099551
0.0091858
0.0071833
0.0059616
0.0064671
0.0009897
0.00016355
0.0014336
0.00093903
0.00022224
0.00043163
0.0091111
0.0026036
0.00028498
0.00011959
0.0010509
0.0012219
0.00037517
0.00045731
0.0012817
0.0010865
0.0026808
0.00021745
0.00042694
0.0058524
0.00047853
0
0
0.00024571
0.0030477
0.000208
0
0
0
0
0
0
0
0
0.0007752
0.0016468
0.005218
0.0018214
0.0028892
0.0010463
0.0026787
0.0023511
0.0014177
0.0032458
0.0050025
0.0016324
0.00099673
0.0022525
0.0054493
0.0027769
0.0021673
0.0036039
0.003426
0.00047043
0.0016346
0.0027444
0.0018471
0.0013804
0.0050256
0.0037516
6.5276e-05
0
0.00091999
0.0010735
0.0030549
0
4.2246e-05
0.00040266
0.0067062
0.00097592
0.0012517
0.0055241
0.0029173
0.0039812
0.0095918
0.0023767
0.00071578
0.0022551
0.0035889
0.0034458
0.0054519
0.0074783
0.0077432
0.0059411
0.0074034
0.0035687
0.0036875
0.0028248
0.00096953
0.0057914
0.0018176
0.001172
0.0014296
0.0015296
0.0020456
0.0002175
0.0011361
0.0020069
0.00010888
0.0048619
0.0012386
0
3.1879e-05
0.0009312
0.0009313
3.3398e-05
0.00013145
0.00034371
0.0049577
0.001292
0.00052253
0.002241
0.0027784
0
0
0.0016847
0.00025894
0
0.00017616
0.0037545
0.0026747
0.0027183
0.00081625
0.0016839
9.3876e-05
0.0025571
0.00018633
0
9.5156e-05
0
8.2658e-05
0.00047632
0.00012404
0.00043163
0.00026181
0.0010305
0.00058711
0
0
0.00011451
9.8195e-05
0
0.00106
0.00059693
0.00037515
0
0
0
0
0
8.1047e-05
0.00057345
0
0
0
0
0
0
0
0
0
0
0
0
0
0
0
0
0
0
0
0
0
0
0
0
0.00093949
0
0
0
0
0
0
0
0.0015322
0.000208
0
0
0
0
0
0
0.00021727
0.00016355
0.0010413
0.00024318
0
0
0.0059909
0.00032968
0
0
0.00021989
0.00010503
0
0
0.0010792
0.00064657
0
0
0
0.00028074
0.00027547
0.00045731
0.0012617
0.00041085
0
0.00011959
0.0010509
0.00094118
9.9698e-05
0
0
0
0.0009726
0.00021745
0.00042694
0.0021944
0.00047853
0
0
0.00012846
0.0014923
0
0
0.003122
0
0
0
0.00011725
0.00039193
0
0
0.00017951
0
0
0
0
0
0
0
0
0
0
0
0
0
0
0
0
0.004077
0
0.0027104
0
0
0
0.00086495
0.0016468
0.00074854
0.0003789
0.00050045
0.0010463
0
0
0
0.00051564
0.0026897
7.777e-05
0.0003734
0.00070773
0.00083598
0.0008749
0.00031186
0.00073966
0.00087863
0
0.00027944
0.0011987
0
0
0
0.00080391
0.0018971
0.0002399
7.777e-05
0.00026985
0.00068137
0.00012052
0.00011991
0.0013584
0.0007668
0
0
0.00028116
0.00017224
6.6424e-05
0.0014312
0.0030306
4.5901e-05
0
0
0
0
0
0.0003136
0.0010348
2.903e-05
0
0
0
0
0
0
0
0.00021269
0.0013556
0.00010747
0
0
0
0
0
0
0
0
0
0
0
0
0.00019443
0.00023095
0
0
0
0.0015365
0.0013066
0.00107
0.0016905
0.0012483
0.0013536
0.00048193
0
0.0014408
0.0015888
0
0.00045389
0.00066327
0
0
0.0012218
0.0021772
0.0004785
0.0017412
0.00090272
0.00018769
0
0.001168
0.0011394
0.0010891
0.00055701
0.00042692
0
0
0
0.00067311
0.00091357
0.00056082
0.00075699
0.0025628
0.00013257
0
0
0
3.1488e-05
0
0
0
0
0
0.00032802
0.00083096
0.00019673
0
0
0
0
0
0
0
0
0
0
0
0
0
0
0
0
0.0010464
0.0029973
0.0039454
0.00040756
0.00021707
0.00065856
0.0011083
0.00047406
0.0022293
0.0029631
0.00034759
0.0019828
0.0042138
0.0016777
2.6811e-05
0.00014501
0.00072723
0.0026473
0.0035894
0.0005611
0
0.00090365
0.00038888
0
0.0010697
0.00019961
0.0001414
0.00014818
0.00047207
0.00097522
0.0014785
0.00048137
0.00028539
0.00059243
0.0018079
0
0
0
0
0
0.0011224
0
0
0
0.0030953
0
0
0.0013019
0.0010872
0
0
0.00033017
0.0035137
0.00042021
0.00023235
0.0038576
0
0
0
0
0
0.00031464
0.00074449
0.00017244
0.0015454
0.00093084
0.0050976
0.0011499
0.00049871
0.0015966
0.0020154
0.0012648
0.0021204
0.0011762
0.0025519
0.0034586
0.0011651
0
0.0025557
0.001862
0.00037657
0.0014646
0.0015366
6.0568e-05
0.00052348
0.00051075
0.00067762
0.00048386
0
0
0
0.00028565
0.00072587
0.0004077
0.00013505
0
0.00031334
0.0042612
0
0
0
0
0.000451
0
0.0010606
0.0013537
4.2246e-05
7.2491e-05
9.716e-05
0
0
0
0.00070584
0
0
0
0
0
0
7.4846e-05
0.00031099
0
0.00013145
4.2538e-05
0.00052901
0.00050276
0
0.0024423
0.00077497
0
0
0.00030117
0.00024481
0.00058072
0.00047249
0.0011667
0.0002994
3.8885e-05
0.00048218
0.00024085
8.4784e-05
0.00033422
0.0002897
0.0028966
0.0024709
0
0
0.0021412
0.00091415
9.9574e-06
0
0.0015155
0.0036343
0.00073816
0.00031836
0.00070002
0.00039321
0
0
0
0
0
0.00036736
0.00063494
0
0.002551
0
0
0.00017396
0.00065318
0
0.0018669
0.0010641
0
0
0
0
0
0
0.0029505
0
0
0
0.00061573
0
0
0
0
0.002875
3.1488e-05
0
0
0
3.3398e-05
0
0
0.0014834
0.00017702
5.0035e-05
8.0752e-05
0
0
0
0
0
0
0
0
0
0
0
0
0
0
0
0
0
0
0.0002406
8.1047e-05
0
0
0
0
0
0.00022584
0.00017563
0.00081025
9.3876e-05
0.00038726
0.00018633
0
