0.034667
0.03941
0.01811
0.02712
0.03495
0.034781
0.034111
0.037595
0.0049193
0.014243
0.003585
0.0052966
0.0060117
0.0041548
0.0054013
0.015201
0.016411
0.0083853
0.0052835
0.0076539
0.010287
0.017211
0.012532
0.0082439
0.0066966
0.013007
0.0061039
0.0018761
0.014058
0.0034856
0.00088977
0.0067641
0.0066408
0.003775
0.0031379
0.012293
0.0045941
0.00993
0.015288
0.0073868
0.00098954
0.0096775
0
0
0
0
0
0
0.0027683
0.00089908
0.00011418
0.00019967
6.3251e-05
0.00039467
0.0030793
0.01347
0.0034068
0.00022534
0
0
0
0.0016168
0.0032966
0.0011573
0.0073391
0.0021943
0.00030069
0.0015392
0.003476
0.0030655
0.0002747
0.0023184
0.00012978
0.0017874
0.0024789
0.0019392
0.00072542
0
0
0
0.00073449
0.0018096
0.00084217
0.0030603
0.0050686
0.0034706
0.00072698
0.001588
0.0044822
0.0025731
0.0020378
0.0025185
0.0043835
0.00091246
0.00067777
0.0040245
0.001356
0.0027034
0.0026528
0.0035279
0.0025818
0.0085593
0.0084717
0.00078197
0.00073303
0.0040357
0.0018955
0
0
0
0
0.0001457
0.0055365
0.0020415
0.0018797
0.0018747
0.0019704
0.0012762
0.00083275
0.0061081
0.0006913
0.0021472
0.001217
0.0023539
0.0015691
0.0012538
0.0006341
0.00074104
0.003301
0.0012575
0.0011044
0.0059367
0.0017843
0.00017602
0.0084601
0.0022981
0.00033087
0.0068572
0.0022318
0
0.0063999
0.00082469
0
0
0.00021965
7.2255e-05
9.2563e-05
0
0.0055055
0.0012158
0
0.00039857
0.00085798
0.000164
0.00059611
0.0013444
0.00020243
0.00056067
3.8082e-05
0.0014784
0.0017905
0.00062215
0.0005636
0.0026385
0.0011597
0.0070244
0.0023341
0.0030854
0
0
0
0
0
0
0
0
0.00044258
0.0018601
0
0
0
0
0
0
0.0017805
0.0013177
0.00011418
0
0
4.1234e-05
5.8826e-05
0.0051754
0
0
0
0
0
2.8463e-05
0.00051889
0.0064416
0
0
0
0
0
0
0
0
0
0
0
0
0
0
0
0
0
0
0
0
0
0
0
0
0.0032649
0.0004276
0
0
0
0
0
0.00075517
0
0
0
0
0
0
0
0
0.00054695
0.0063683
0
0
0
0
0
0
0.00069938
0.00067263
0
0.00019967
6.3251e-05
0.00029625
0.00023417
0.00031656
0.00023134
0
0
0
0
2.8725e-05
0.00057653
0.00147
0.00059078
0
0
0
0
0.0013272
0.0049323
0.000465
0.0017655
0
0
0
0
0
0
0.00030649
0.0027751
0.0010819
0
0
0
0
0
0.00036757
0.0009918
0.00039195
0.00030069
0.0015392
0.002269
0.00055795
2.4085e-05
0.00052079
0
0
0
0
0
0
0
0
0
0.00063654
0.0022253
0.0016732
0.00059503
0
0
0
0.00031905
0.00059417
7.2807e-05
0.0012672
0.001737
0.0011306
0.0001956
6.6714e-05
0.0003813
0.00072384
0.00020839
0.0012272
0.0028258
0.0010653
0.00043131
0.0014156
0.0019514
0.00034607
4.9096e-05
0.00022219
0.0022655
0.0011427
0.00018573
0.00013611
0.00091358
0.00032753
0.00074641
0.00091059
0.00073827
0
0
0.0023451
0.00017724
9.4876e-05
0.00036423
0.0034382
0
0
7.8556e-05
0.00016499
0.00017648
0.00058922
0.00053746
0
0
0.0057011
0.00065307
0
0
0
0
0
0
0
0
0
0.00012978
0.0014197
0
0
0
0
0
0
0
0.00013286
0.00021019
0.00052552
0
0.00019721
0
0
0
0.00022995
0.00031595
0.00015937
0.00027277
0.00022438
7.7517e-05
6.1079e-05
0.0014007
0.00097294
0.00010627
0.00023516
0.00046357
0.00050282
0.00011301
0.00033136
0.0004239
0.0008749
0.00045181
0.00044019
0.001232
0.00038357
0.00037825
0.00043354
0.00070343
0.00040093
0.0007581
0.00012825
0.00013207
0.00018211
0.00066892
0.00085367
0.00034588
0.0019829
0.0011187
0.00055812
0.0024497
0.00093566
0.0042448
3.5358e-05
0
0
0
0
0
0
0
0
0.00012276
9.1414e-05
0.0015939
0
0
0
0
7.2142e-05
0.0011429
0.00053238
0.00077473
0.0001762
0
0
5.8314e-05
0.00057706
0.0020495
0.00049436
0.00059882
0.00037751
0.0009367
0.00059353
0.00015533
0.0025341
0.0001362
3.8082e-05
0.0004841
0.00060557
0.00023975
0.00016067
0.00010085
0.00031781
0.00044483
0.00052398
0.00033255
0.0010098
0.00047599
0.00083473
0.00034903
0.0010092
0.0010056
0.00054485
0.00031882
0.00021057
0
0
0
8.9669e-05
0.00028862
0.0010197
0.00059741
8.6691e-05
0
0
0
0.00026085
0
0
0
0
0
0
0
0
0.0004982
0.003191
0.00048245
0
0
0
0
0
0.00157
0.00092455
0.00028766
0.00011219
0.000127
0
0.00015522
0.0015845
0.00079659
0.00041005
0.00011526
0.0010331
0.00061811
0.00026049
0.00046389
0.0011861
0
2.7021e-05
0.0001704
0.00019927
0.00021443
0.00025213
0.00018422
0.00031685
0.0001508
0.0010587
0.00019032
0.00051288
0.00026694
0
0
0.00035499
0.0016498
0.00017705
0.00014871
0.0010059
0.001886
7.1699e-05
0
7.9126e-05
0.00078365
4.1234e-05
0.00022652
0.0033132
0.00021858
0
0
0.0017391
0
0
0
0
0
0
0
0
0
0.0041594
0.00057909
0
0
0
0
0
0
0
0
0
0.0031885
0.0005608
0
0
0.00021965
7.2255e-05
0.00015768
7.8237e-05
0.00158
0.00097097
0
0.00032174
0.00028496
0
0.00018009
0.00040335
0.00027231
8.303e-05
0
0.00063628
0.00041891
0.00043013
0.00057743
0.00094107
9.8713e-05
0.00061616
3.8082e-05
0.00067065
0.001253
0.0001767
0
0
0
0
6.2375e-05
0.0015019
0.00069161
0.00011888
0.00027514
0.0034602
0.00081845
0.0016482
0.00058946
0.0018945
0.00033087
0.0017092
0
0
0.00093575
0
0
0
0
0.0015531
0.0012633
0
0.0051846
0.00082469
0
0
0
0
0
0
0.0012357
0
0
0
0
0
0
0
0
0
0
0
0
0
0
0
0
0
0
0
0
0
0
0
0
0
0
0
0
0
0
0
0
0
0
0
0
0.00019202
0.00025051
0
0
0.0041829
0.0016705
0
