0.035109
0.027602
0.032332
0.036675
0.031651
0.032805
0.027872
0.029461
0.0066817
0.007357
0.006552
0.0065649
0.006337
0.0087588
0.0048966
0.0048193
0.014729
0.0082958
0.010018
0.0088282
0.010246
0.011663
0.0083399
0.005699
0.0021908
0.0043011
0.0067781
0.0039447
0.0028659
0.0037425
0.0060455
0.0049461
0.011508
0.0076476
0.0089839
0.017337
0.012202
0.0086409
0.0085904
0.013997
3.6209e-05
0.00014945
0.00010558
5.775e-05
3.7648e-05
9.1654e-05
0.00016544
4.9126e-05
0.0018069
0.001971
0.0020448
0.0012812
0.0010319
0.0017954
0.0011153
0.00098084
0.0022717
0.002197
0.0014005
0.00096483
0.00094139
0.0032196
0.0021514
0.0010511
0.0035517
0.0012929
0.0016533
0.0014115
0.0014446
0.0013197
0.00064298
0.0010352
0.0011098
0.0023458
0.0014227
0.0009958
0.0014117
0.0027373
0.0018417
0.00047446
0.0036062
0.0026133
0.0028717
0.0035504
0.0032236
0.0037841
0.0016859
0.0031551
0.0037315
0.0013802
0.0029471
0.0018317
0.0029261
0.0044487
0.0027154
0.00074257
0.0035882
0.0033087
0.0040169
0.0039491
0.0050513
0.0023727
0.0026226
0.0028426
0.00010188
0.00083901
0.00067079
0.00028157
0.00013931
0.00058286
0.0017711
0.00012548
0.00057044
0.0025909
0.0044996
0.0027382
0.00175
0.0014715
0.0024651
0.00062181
0.004284
0.0033513
0.0032398
0.0028679
0.004088
0.0045104
0.0035732
0.0047512
0.0051333
0.002096
0.0031845
0.0049488
0.0037304
0.0027001
0.0028858
0.0044878
0.0002182
3.7648e-05
3.2056e-05
0
0
0
0.00021081
0.0004762
0.00094137
0.0010286
0.0013874
0.0016048
0.0012458
0.0015593
0.0014404
0.0037226
0.002265
0.00068704
0.0015809
0.0052454
0.0019842
0.0010322
0.0011257
0.002037
0.0014328
0.0017127
0.0012742
0.0043424
0.0023518
0.0011797
0.0014594
0.0020827
0
0
0
0
0
0
0
0
0
0
0
0
0
0
0
0
0
0
0
0
0
0
0
0
0
0
0
0
0
0
0
0
0.00017048
0.00047854
5.1689e-05
0
0
0
0
0.0001681
0.00016959
8.2246e-05
0
0
0
0.00037424
0.00023284
0
0.00034467
0
0
0.00010959
9.752e-05
0.00024613
3.6983e-05
0.00011986
0.0012112
0
0.00014834
0.00029065
0.00025711
0.0006461
6.942e-05
4.7398e-05
0
0
0
0
0
0
0
0
0
0.00014945
7.0867e-05
5.775e-05
3.7648e-05
9.1654e-05
0.00011213
4.9126e-05
0.00067778
5.4881e-05
0.00013267
0.00063346
0.00020654
0
0
0.0007819
0.00068855
0.001867
0.0019468
0.00045605
0.00082533
0.0017954
0.00085432
0.00019894
0.0017194
0.0014132
0.001088
0.00071036
0.00072982
0.0010859
0.00090872
0.00056446
9.9131e-05
0.00022301
0.00026072
0.00013018
0.00013322
0.0013762
0.00084175
0.00031851
7.9802e-05
0.00043266
0.00065691
0.00092833
0.00068266
0.00048539
0.00031768
0.00026403
0.0012889
0.00086025
0.00078895
0.00020724
0.00040732
0.00014972
0.000387
0.00019186
0
0
0
0
0
0
0
0
0.00040663
0.0016703
0.00041916
0.00058222
0.00051002
0.0011823
0.0007434
0.00032863
0.0010528
0.00033325
0.00026965
0.0013415
0.00050268
0.00011644
0
0.00030082
0.00081139
0.00054811
0.00033278
0.00084665
0.0010919
0.0015432
0.0010731
0.0010381
0.00056414
0.00069804
0.00071018
0.00038372
0.00018129
0.0001443
0
0.00012276
0
0.0001595
0.00037178
0.00029506
0.00063339
0.0022306
0.001449
7.1034e-05
0.0012969
0.0011435
0.0012476
0.00077484
0.00015271
0
1.6193e-05
0.0011952
0.00042707
8.8853e-05
0.00028169
0.00067994
0.00071
0.00050515
0.00048701
0.00026682
3.471e-05
1.0976e-05
0
0
0
0
0
0
0.00049339
0.00059736
0.00068869
0.00031775
0.00078722
0.0013831
0.0011516
0.00014583
0.0019231
0.0013072
0.0017677
0.00082507
0.00058457
0.00057091
0
0.0012363
0
0.00011575
0.00025247
0.00018054
0.00074234
0.001153
0.00064148
0.0004731
0
0
0
0.00030115
0.00075532
0.0010066
0.00026085
0
0.0030813
0.0004374
0.0016965
0.00035985
0.0013747
0.00091915
0.00053897
0.00044343
0.0010011
0.00060236
0.0014951
0.0013415
0.0018864
0.00092277
0.00050061
0.00077946
0.00036362
0.00057017
0.00056389
0.00067106
0.0019918
0.00094476
0.0010444
0.00019611
2.7148e-05
0
0
5.3242e-05
0
0.00045569
0.00030824
0
0
0.00083901
0.00085561
0.00032416
3.471e-05
0.00015664
0
0
0
0.00061051
0.0019563
0.0014421
0.0012776
0.00092114
0.00098512
0.00012057
0
0.0011216
0.00097494
0.00010745
0
0.00015193
0.0010195
0.00019928
0.00019879
0.00037463
0.00038707
0.00013354
0.00028335
0.00084344
0.00086874
0.00077173
0.0014921
0.0011733
0.00087208
0.0007081
0.0015636
0.0021139
0.00094524
0.0023636
0.0029045
0.001087
0.00071192
0.00199
0.0011493
4.2677e-05
0.00043583
0.0006804
0.0013956
0.00066985
0.00081943
0.00090998
0.00044257
0.00062119
0.00073709
0.0016176
0
0
0
0
0
0
0.00032309
0
7.4729e-05
0
0
0
0
7.4539e-05
0.00098702
0.00012548
0
0.00041342
0.00080194
0.00048516
0.00028466
5.3242e-05
0
0
0.00057044
0.00063832
0.00095793
0.00043826
0.00019203
0.00017807
0.00040897
0.0002154
0.00039341
0.00020757
0.00055969
0.00039875
0.0010839
0.00086603
0.00055962
0.00048988
0.00096126
0.0008831
0.00090882
0.00084045
0.0011143
0.00089009
0.0010288
0.00079913
0.0010727
0.00082584
0.0007231
0.0013451
0.0016275
0.0012089
0.00085471
0.00074898
0.0010267
0.00037506
0.001285
0.00075395
9.4421e-05
0.00057992
0.00061842
0.00082594
0
0
0
0
0
0
0
0
0.0002182
3.7648e-05
3.2056e-05
0
0
6.7871e-05
0.00036355
0.00034309
4.3008e-05
0.00017908
0.00049006
0.00027523
0.00018643
0.00017739
0.00026849
0.00093409
0.00071135
0.00094799
0.00079932
0.00061382
0.00098258
0.00088947
0.0011376
0.00022634
0.0010155
0.00058697
0.0014535
0.0011806
0.00037408
0.00028495
0.00048373
0.00060346
0.00075361
0.00011217
0.00024085
0.00090616
0.00067216
0.00039931
0.0007774
0.0013721
0.0010141
0.00068673
0.00012715
0.0012911
0.00027588
0.0003744
0.001015
0.00072787
0.00056894
0.00070549
0.00087407
0.0011799
0.00056982
0.00035352
0.00027854
0.0011301
0
0
0
0
0
0
0
0
0
0
0
0
0
0
0
0
0.00011598
0
0
0
0
0
0
0.000619
0
0.00013388
0.00020487
0.00071571
0.00016629
0.0007026
0.00017325
0.0015161
0
6.1506e-05
0.0001611
0.0011739
0.00022898
2.8299e-05
2.1463e-05
0
0.00036617
0.00011815
6.3684e-05
0.0015732
0.0006229
0.00031968
0.00013682
0.00050527
0.00017862
0.00021431
0
0.00075958
0.0014786
5.3574e-05
7.8341e-05
0
0.00018802
0
0.00027675
0.0016822
0.00034828
0.00039823
0.0004155
0.00058057
