0.028865
0.04971
0.02189
0.03322
0.023206
0.041502
0.017902
0.03741
0.013184
0.02116
0.0095163
0.011473
0.0089824
0.014785
0.007956
0.0090874
0.0086116
0.021352
0.0044297
0.012581
0.0063534
0.019895
0.0040824
0.011732
0.0053911
0.0050525
0.0059669
0.0061077
0.0059718
0.0039905
0.0043653
0.0095507
0.0016782
0.002146
0.001977
0.0030579
0.001898
0.0028316
0.0014985
0.0070394
0.0024496
0.0097852
0.0026348
0.0011698
0.0017321
0.0039345
0.0019592
0.0028677
0.0022574
0.0058104
0.0043667
0.0025868
0.0014795
0.0033935
0.0018553
0.00097503
0.0047569
0.0037574
0.0012339
0.0037704
0.0030869
0.0046419
0.00095809
0.00057981
0.001568
0.009098
0.0017026
0.0037475
0.0015212
0.010108
0.0017715
0.0032368
0.0038007
0.0029796
0.00068902
0.0056995
0.0036126
0.0056763
0.0020679
0.0011916
0.0036677
0.0023471
0.001192
0.0019545
0.0019072
0.0013429
0.0019449
0.0040127
0.00018905
0.00075726
0.00052897
0.0018386
0.00086735
0.00054934
0.00061654
0.0028868
0.0025025
0.0079122
0.0012262
0.0030845
0.00095494
0.0048118
0.00086502
0.0045739
0.00031211
0.0006883
0.0024237
0.0020279
0.002319
0.0019206
0.0014503
0.0013163
0.0008975
0.0006631
0.0005198
0.0012552
0.0022876
0.00021302
0
0.0006965
0
0
0.00019236
0.00015245
0.00012145
3.7037e-05
0
0
0.00026625
0.00025977
0.00042994
0.0017512
0.0011084
0.00038751
0.00048057
0.0014996
0.0036768
0.00069521
2.3266e-05
0.001171
0.00033986
0.00030436
0.00028824
0.0030473
0.0010662
0.0030706
0.0030194
0.0016024
0.0011635
0.0017742
0.0025284
0.0043103
0.0002698
0
0.00010474
0.0003841
0.00021114
0
0
0.003639
0.0011422
0.0016574
0.00125
0.00079701
0.00029907
0.0019835
0.0010179
0.00169
0.00045495
0.0039394
0.0016765
0.00033542
0.00058419
0.0027651
0.0009396
0.00051362
0.0013351
0.00019262
0
0.00039567
0.00054538
9.0269e-05
0
0.0012247
0.00034187
0
0.00068643
0.0016684
0.00013931
0
0
0.00015288
0.00024505
0.0027035
0.0015428
0.00054116
0.00055371
0.00066966
0.0009045
0.00013738
0.0012307
0.00017719
0.00041342
0.0021986
0.00078878
0.0005157
0
0
0.0010889
0
2.3266e-05
0.00070217
0.00084322
0.00041213
1.9255e-05
0.00027021
0.0011082
6.4564e-05
0.00040983
0.0026426
0.00040059
0
0
0.00051294
0.00056208
0.0044528
0.0012928
0.001253
0.00071943
0.0044783
0.001242
0.0017564
0
0.0045428
0.00087097
0.00013774
0.00025879
0.00096286
0.00098105
0.0006168
0.00030522
0.00062242
3.822e-05
0.00025077
0.00034376
0.0001163
3.851e-05
0.00036943
0.0011076
0.000309
0.0006342
9.5531e-05
0
0
0
0.0003293
0.00029019
0.0027311
0.0011127
0.00033187
0.00039875
0.0020788
0.00095079
0.00034216
0.0017346
0.0025075
0.00060754
0.00030385
0.00082113
0.0012514
0.00021663
0.00019494
0.00056619
0.00081127
0.00016913
0
0.00025053
0.0031077
0.00054197
0
0.0004009
0.00038085
0.00010606
4.9988e-05
0
0
0
0
0
0.0043337
0
0
0
0.0056297
0.00034805
0
0.00018358
0.00060094
0.00050763
0.0022479
0.0019139
0.002349
0.0002558
0.00020897
0.0025327
0.00076852
0
0.0031154
0.0016272
0
0.00015816
0.00072336
0.0015054
0.00049777
0
0.0010328
0.0002047
0
0
0.0004142
0.00079294
7.189e-05
0
0
0.0010034
0.0004813
0.0014035
0.0017076
0.00044135
0.00088636
0.00056575
0.00038163
0.00056391
0.00038421
0
0.00017884
0
0.00010276
0.00031734
0.0013178
0.00046824
0.00016513
0.00049663
0.00093601
6.5861e-05
0
0.00017825
0.001775
0.00020866
0
0.00016194
0.001648
0.00033796
0.0044015
0.00066206
0.00066363
0.00073124
0.0023075
0.00088446
0.00077848
0.00052003
0.00044273
0
0
0
0.0030695
0.001654
0.00015987
0.00058719
0.0014634
8.8353e-05
0.00017575
7.1476e-05
0
0
0
0.0013548
0.00071582
0
0.00030696
0.00090119
0.00014128
0
0.00056605
0
7.5315e-05
0.00060059
0.00077519
0.00018564
0
0.00036494
0.0015264
0
0
0
0
0
0
0
0
0
0
0
0
0
0
0.00030015
0.00094766
0.0001498
7.4075e-05
5.5888e-05
0.00055297
0.00017834
0
0
0.0020971
0.00095636
0.0036309
0.00033004
0
0.00013421
0.0025043
0
0.00087459
0.00017545
0.00027702
0.00021471
0.00013643
0.00073958
0.0014566
0.00054259
0.00073964
0
0.0003007
0.0011481
9.5545e-05
0
0
0
0
0.00056149
0.00060307
0.00076079
0.0012029
0.00038975
0.00050496
0
4.3055e-05
0.000336
0.00081444
0.00022341
0
0.0017899
0.00042835
0.00017639
0.00065344
0
0
0
0
0
0
0
0
0
0
1.9824e-05
3.1756e-05
0
0
0
0
0
0
0
0
0
0
0
0
0
0
0
0
0
0
0
0
0.00013666
0.00017872
2.6957e-05
6.8076e-05
0.00099732
0.00055699
0.00058038
0.00042291
0
0.00012391
0.0010924
0.00073639
5.9969e-05
4.909e-05
0.00032735
0.00015374
0
0
8.653e-05
0.0001144
6.9424e-05
0
0
0
0
0
0
0
0
0
0
0
0
0
0
0
0
0
0
0
0
0
0.00017253
6.8954e-05
6.0988e-05
0
0
0
0
3.279e-05
7.8141e-05
0.00047241
0.00046932
8.0606e-05
0
0
0.00026625
0.00022698
0.0003518
0.0013305
0.00041094
0.00027668
0.00024429
0.0012392
0.00074147
0.00033772
0
0.00049262
0.00044
0.00011559
0
0.00033024
0.0015081
0.00019472
3.4659e-05
0.00043672
8.2135e-05
0.00010648
0.00020558
0.00053379
0.00032302
0
0.00027824
0.00033589
7.1299e-05
0
0.00037153
0.0012579
0
0
8.5268e-05
0.00080759
2.7366e-05
0
0
0
0
0
0
0
0
0
0
0
0
0
0
0
0
0
0
0
3.8702e-05
7.1933e-05
0.0002664
0.00012517
0
0
0
0
0
0
0
0
0
0
0
0
0.0013106
0.00016277
0
0.00051007
0.00023898
0.00011984
0
0.0014922
3.3682e-05
0
2.3266e-05
0.00066095
7.7451e-05
7.8037e-05
8.2656e-05
0.00069109
7.8692e-05
0
0
0
0
0
0.00010053
0.00033759
0.00074752
0.001892
0.0023043
0
0.00063509
0.0014942
0.0018594
0.0023359
0.00018648
0
0.00010474
0.00034789
9.0814e-05
0
0
0.0018578
0
0
0
4.1654e-05
0.00010701
0
0
0.0021247
0.00025234
0.0010135
0.00033956
0
0.00024454
0.00031358
0.0010179
0.00051029
0.00085271
8.1835e-05
0.00015099
0.00067185
5.4529e-05
0
0
0.00094672
