0.051193
0.019598
0.014793
0.027566
0.061103
0.020212
0.022185
0.036538
0.0082523
0.0050642
0.0028987
0.0054643
0.024149
0.010781
0.0037793
0.0047146
0.016363
0.0087578
0.0042779
0.0080753
0.027983
0.0060277
0.0075149
0.0089246
0.011155
0.0017702
0.0028189
0.0093144
0.0068803
0.002188
0.010545
0.01704
0.015423
0.0040055
0.0047971
0.0047116
0.0020905
0.0012155
0.00034642
0.0058586
0.0021739
0.0010309
0.00054069
0.00097904
0.0034285
0.001206
0.00025658
0.0010456
0.0020612
0.00034188
5.9095e-05
0.00094856
0.017056
0.0011369
0.00047035
0.002287
0.0035147
0.0029668
0.0011057
0.0044656
0.01021
0.0011037
0.00092591
0.001788
0.0066297
0.0027674
0.00057374
0.0011879
0.0099064
0.0027742
0.001339
0.0027254
0.00024808
0.00014114
0
0.00072078
0.0024879
0.0084381
0.0027426
0.00059621
0.003342
0.0034647
0.0021463
0.0020599
0.00072967
0
0
0.00071528
0.0056375
0.0015989
0.00029116
0.00094328
0.0040439
0.0012921
0.0034391
0.0012293
0.00081516
0.0013204
0.002276
0.001211
0.0021221
0.00085762
0.0017947
0.00286
0.0017835
0.00040638
0.00075901
0.0020429
0.0022862
0.00059181
0.008156
0.0035785
2.19e-05
0.00038153
0.00095928
0.0015243
7.9807e-05
4.755e-05
0.00042796
0.0016196
0
0.00058607
0.00083299
0.00097976
0.0036457
0.00099851
0
0
0.0022824
0.0033325
0.0034994
0.0022386
7.5169e-05
0.00032216
0.00034642
0.00075096
0.0030727
0.00031604
0.00042382
0.0033643
0.0026823
0.001029
0.00094804
0.0043143
0.005699
0.00075173
0.00076684
0.0025611
0.001832
0.0004145
0.001217
0.0075273
0.0092714
0
0.00049587
0.0023385
6.2064e-05
0
0
0.004362
0.0044001
0.00015079
0
0
0
0
0
0.00070458
0.00046027
0.00033944
0.0001277
0.00046974
0.00031731
9.5127e-05
8.6101e-05
0.00021943
0.00025114
9.5368e-05
0
0
0.00011455
0.00010977
3.8714e-05
0.00012531
0.00027217
4.897e-05
0
0.00036871
0.0013183
0.00067551
0.00014909
0.00045962
0.0012129
0.00013937
5.9095e-05
0.00057985
0.00078278
0.00032598
0.00024576
0.00051709
0.0010756
0.00064431
0.00027803
0.00096106
0.00029696
0.00015234
0.00018979
0.00070707
0.0012382
8.294e-05
0
0.001291
0.002468
0.00047004
0.00039654
0.00064227
0.00092331
0.00077687
0.00013547
0.0003151
0.0046377
0.00052295
0.00012629
0.00048698
0.0014649
0.00038975
0.00012915
0.00013937
0.0028201
7.7428e-05
0.0004294
0.0010085
0.00090608
0.00047544
3.285e-05
0.00027944
0.00092703
0.00027352
3.4627e-05
7.7428e-05
0.00038261
0.00012062
0.00038014
0.00022986
0.0012266
0.0007276
6.5928e-05
0.0003991
0.00037516
0.00015354
0
0
0.008514
0.00013546
0.00010671
0.001025
0.00020093
0
0
0
0.0060475
0
0
0
0.00020709
0.00051489
0.00016614
0.0016647
0.003931
0.00026422
6.0597e-05
0
0.00065678
0.0007491
0.00026405
0.00023368
0.0039778
0.00021711
0.00027899
0.00078451
0.002101
0.0017479
0.00054009
0
0.00033951
0.00037454
0.00052312
0.0002315
0.0017983
0.00039329
0.00016654
3.6523e-05
0.0015706
0.0015814
0.00018391
0.00048367
0.00042183
0.00014114
0
0.00072078
0.00074194
0.00010388
0
0.00043133
0
0
0
0
0.0019429
0.0045665
0
0.00016959
0
0
0
0
0
0
0
0
0.0018257
0.00022047
0.00037821
0.00018047
0.00022081
0
0
0.00036677
0.0028924
0.00086412
0
0.00016042
0.00011672
0
0
0.00034851
0.0006891
0.0004439
0.00013061
0.00062706
0.001096
0.00041418
0.00077989
0.00093015
0
0.00075921
0.0010432
0.00057104
0.0016534
0.00011073
0
0
0.00039214
0.00024099
0.00017361
0.00036346
0.00041799
0.00030921
0.001339
0.00043541
0
0
0
0
0.00016894
0.0034591
0.0023483
0.00015898
0
0
0
0
0
0.00030855
0
0
0
0
0
0
0
0
0
0
0.0011175
0.0026929
0.001302
0.0015162
0.00039214
0
0
0
0.0024051
0.00037704
0
0.00022731
0.00081924
0.00052399
0.0010738
0.00029913
0
5.3044e-05
8.7777e-05
8.8912e-05
0.00086418
0.00035395
0.0015854
0
4.9616e-05
0.00040758
0.00065926
6.0473e-05
0
0
0
0
0.00042302
0.00028728
0.00026897
0.00050331
0.00048575
0.00019547
0.00023112
0.0013198
0.00088714
0
0.0001396
0.00081459
0.00041742
0
0.0016998
0.00030888
0
0
0
0
0
0
0.003347
0.00070947
0
0
0
0
0
0
0
0
2.19e-05
0.00051906
0.0011893
0.00089594
0
0
0
0
0
0
0
0.001597
0.0038458
0.00030684
0
0
0
0.00016049
0.00059389
0
0.00040103
5.2085e-05
0
0
0.00029326
0.0015111
0.00055509
0.00018929
0
0.0001262
0.00034642
5.7553e-05
0.0014704
0.0010032
0.00074192
0.00031136
0
0
7.5169e-05
0.00031851
0.00085749
0.00016424
0.00017314
0.00073485
0.001129
0.00020152
0.00030842
0.000731
3.8907e-05
6.0597e-05
5.7553e-05
0.00038591
8.0559e-05
8.3572e-05
0.0029295
0.0018292
0
0
0
0
0
0
0.00047936
0.00084903
0
3.681e-05
0.00023617
3.0237e-05
7.9807e-05
3.0237e-05
0
0
0
0
0
3.4843e-05
0
0.00059934
0
0
0
0.00021683
0
0
0
0
0
0
0.00021469
0.00062867
0.00068276
0.00039506
7.5169e-05
0.00025351
0
0
0.00020984
0.0002745
0.0017689
0.0015112
0
0
0
0
0.00035319
0.00018155
0.00027186
0.0005339
0.001094
0.00032719
0
0.00014469
0.0003613
8.4995e-05
0.00045377
0.00082349
0.0012494
0.00052334
0.00022967
0.00059134
0.00062176
0.00029461
7.7428e-05
0.00052293
0.00041525
6.9793e-05
0.00099265
0.0029017
0.0014869
0
8.1668e-05
0.00060356
0.00012008
0
0.00015178
0.004189
0.0062671
0
0
0
0
0
0
0.0017252
0.0027992
0
0
0
0
0
0
0.0025379
0.0032781
6.2064e-05
6.4897e-05
0
0
0
0
0.00070458
0.0018316
0.00029626
0.00012869
0
0
0
0
0
0.0010914
0.00017284
8.6902e-05
0.00027249
0.00046836
0.00037535
0.000486
0.00066078
0.00080688
5.82e-05
0
0.0013886
0.00039339
6.3022e-05
0.00023237
0.0013465
0.0002778
0.00018578
0.00027977
0.00041604
0.00062832
0.00020175
0.00026413
0.0005783
0.001637
0.00018797
4.1876e-05
0.0010873
0.00066838
0.00014295
2.2574e-05
8.2034e-05
0.00056696
0
0.00048421
0.0017833
0
0
0
9.8892e-05
0
0
4.38e-05
0.00021136
0
0
0
0
0
0
0
0
0
0
0
0
0
0
0
0
0
0
0
0
