0.039482
0.02305
0.029613
0.073794
0.016057
0.017387
0.016178
0.037368
0.01477
0.013978
0.0060003
0.0025163
0.0065571
0.0031154
0.0025871
0.0066766
0.014779
0.0025427
0.0010236
0.0015193
0.001426
0.0087972
0.0064178
0.017165
0.0047564
0.0030428
0.0157
0.025523
0.0034119
0.0024182
0.0023583
0.004255
0.0051756
0.0034862
0.0068886
0.044235
0.0046619
0.0030562
0.0048145
0.0092718
0
0
0
0
0
0
0
0
0.00091145
0.002994
0.002344
0.0001804
0
0.00045699
0.00016529
3.8932e-05
0.0065772
0.0007573
0.00033726
0.0012281
0.0015401
0.0079624
0.00066465
0.00049479
0
0
0
0
0
0
0
0
0.0051974
0.0065751
0.00050186
8.5075e-05
0.0018275
0.00090963
0.00019563
3.2443e-05
0.0081776
0.0039606
0.0028105
0.0022508
0.004215
0.0017487
0.0018183
0.0064227
0.0022165
0.0016665
0.0006469
0.00029124
0.00017029
0.00083483
0.0057531
0.0075084
0.0060016
8.1017e-05
0
0
0
0
0
0.0092081
0.00026998
0.00085116
0.012222
0.0029579
0
0
0.00093465
0.0010808
0.0040818
0.0023687
0.0012588
0.0016457
0.0036421
0.0023727
0.0014749
0.0029165
0.0016269
0.0013917
0.0012848
0.00030452
0.0011757
0.0012214
0.0014097
0.0021224
0.0017127
0.00069482
0.0026148
0.0036027
0.0014491
0.0010135
0.0013472
0.0027314
0
0
0.00096631
0.0017668
0
0
0
0
0.00035399
0.00027149
0.0015514
0.018559
0
4.5421e-05
0.00031989
0.00025769
0.00049097
0.00038299
0.00073455
0.021152
0.00015835
0.00026696
0.00041978
0.00084986
0.0011713
0.0009031
0.0019573
0.019044
0.0018233
0.00055436
0.0016746
0.0035085
0
0
0
0
0
0
0
0
0
0
0
0
0
0
0
0
0
0
0
0
0
0
0
0
0
0
0
0
0
0
0
0
0.0060037
0.00030908
0
0
0
0
0
0
0
0
0
0
0
0.0013474
0.00030628
0.00039629
0
0
0
0
0
0
0
0
0
0
0
0
0
0
0
0
0
0
0
0
0
0
0
0
0
0
0
0
0
0
0
0
0
0
0
0
0
0
0
0
0.00091145
0.001923
0.002145
0.0001804
0
0
0
0
0.00057346
0.0011948
0.00033726
0.0012281
0.0015401
0.0044864
0.00052366
0.00013743
0
0
0
0
0
0.0018476
0
0
0
0
0
0
0
0
0
0
0
0
0
0
0
0
0
0
0
0
0
0
0
0
0
0
0.003368
0.00061326
0
0
0
0
0
0
0.0037804
0.00037668
0.00017074
0.00020609
7.0668e-05
0
0
0.0019954
0.00072931
0.0022172
0.00099
1.2977e-05
0.00086763
0.00020037
4.5882e-05
0.0024795
0.00057807
0.001571
0.00012094
3.2443e-05
0
0.0026042
0.0038719
0.00087784
0
0
0
0
0
0
0.0011502
0
0
0
0
0
0
0
0
0
0
0
0
0
0
0
0
0
0
0.0027547
0
0
0
0
0
0
0.001289
0.0023188
0.00015796
8.5075e-05
0.001593
0.00070159
0
3.2443e-05
0.0034737
0.00043734
0.00015382
0.0016896
0.0031777
0
0.00070489
0.0013583
0.00042816
0.00055726
0.0012859
0.00034212
0.00018664
9.2904e-05
0.00047025
0.00030133
0.00027857
0.00036015
0.00043786
0.00021987
0.00017029
0
4.9416e-05
0.00040425
0.00021961
0
6.2139e-05
3.8932e-05
0
0.00015248
0.00074073
0.0057575
0.0017828
3.3086e-05
0
0
0
0
5.0678e-05
0.0052887
0.003394
0
0
0
0
0
0
0.0042017
0
0.00034997
0.0049351
0
0
0
0
0
0.00017072
0.0011772
0.00074344
0.00038923
0
0.00020804
0.0010429
0.00064082
0.0029225
0.00033965
0.00049356
0.0015918
0.0037331
0.0020242
0.0010774
0.0020809
0.00060804
0.0020751
0.00040899
0
0
0.00015148
0.00036013
0.00011191
0.00027017
0
0.00029687
0.00011786
0.00013796
6.1214e-05
0.00017471
0.00045531
0.00038951
0.0003977
0.00013876
5.2313e-05
0.00025263
0.00029065
9.5273e-05
0.00024423
0.00021185
0.00011637
0.00014106
0.00015504
5.8757e-05
0
3.7835e-05
3.9469e-05
0.00078781
0.00032539
0.00025284
0.00041362
0.00015298
0.00012831
0.00010483
0.00071589
0
0
0
0
0
0
0
0
9.9258e-05
0.00021233
0.0064224
0.00082333
0
0
8.7352e-05
0.00023777
0.00022063
0.00013123
0.00026807
8.3096e-05
1.4509e-05
4.1548e-05
0.00012971
0.00042409
0.0004524
0.00019488
0.00028409
0.00010906
1.4509e-05
0.00037474
0.00033095
0.00033216
0.00040725
0.00054426
0.00029142
7.5948e-05
0.00014417
0
0.00014755
0.00074661
0.00031712
0.000171
4.1548e-05
4.5421e-05
0.00056204
0.00085009
0.00066473
0.00050512
0.00026098
0.00017825
0.0016343
0.0010487
0.00048682
0.00034369
0.00034563
0.0010486
0.00018355
0.0002248
0.00062092
0.00099997
0.00031725
0.00048311
0.00027555
0.00024617
0
0
0
0
0
0
0
0
0
0
0.0014308
0.0026304
0
0
0
0
0.00031389
0
0.0011274
0.0083383
0
5.2313e-05
0.0002644
0.00027344
4.1038e-05
0.00027149
0.00047916
0.002979
2.6754e-05
4.5421e-05
9.2187e-05
8.692e-05
0.0002913
0.00015292
0.00053165
0.00012509
0
8.4676e-05
6.6401e-05
0.00013008
0.00043125
0.00043756
0.00027077
0.00019087
4.1548e-05
5.1909e-05
0.00041049
0.00053349
0.00053069
0.00034891
0.00076351
0.00063077
0.00033334
0.00024841
0.00076933
0.0027103
0.0009373
0.00034698
0.0012093
0.00044333
0.00036287
0.00032777
0.0014729
0.00050389
0
0
0
0
0
0
0
0
0
0
0
0
0
0
0
0
0
0
0
0
0
0
0
0
0
0
0
0.0067619
0
0
0
0
0
2.9018e-05
0
0.010372
0
0
0
0
0
0
0
0.0099717
0.0001168
2.3395e-05
0
0
0
0
0.00024494
0.0094148
0.00063956
5.2313e-05
4.7238e-05
0
4.1548e-05
6.1557e-05
0.00011222
0.0085896
0.00055771
0
4.1548e-05
0.00048775
