0.033923
0.022523
0.022808
0.033952
0.046774
0.033984
0.022933
0.036642
0.0089448
0.0049927
0.0028919
0.0052894
0.015703
0.011768
0.0028541
0.0069592
0.014219
0.010142
0.0071233
0.01384
0.025543
0.015857
0.0068186
0.0098696
0.0015921
0.0018522
0.0018762
0.0010437
0.00052461
0.0016766
0.0028826
0.0018409
0.0091679
0.0055361
0.010917
0.013778
0.0050038
0.0046829
0.010378
0.017973
0
0
0
0.00022931
0.00089688
0.00027355
0
0
0.000407
0.00017999
0
0.0022205
0.0074986
0.00030016
0.00016219
0.0004089
0.0032429
0.0042099
0.0012627
0.0022781
0.013191
0.0078998
0.0018711
0.00066803
0.0040152
0.0010355
0.0011765
0.0035984
0.0047577
0.0010944
0.00074218
0.0015961
0.0014077
0.0011091
0.0005047
0.00019287
0.0015257
0.0057588
0.00075776
0.00041178
0.006442
0.0033013
0.0022884
0.0026467
0.0051375
0.0051195
0.001603
0.0052254
0.0055847
0.0038016
0.0023376
0.0024055
0.0050283
0.0057824
0.0015079
0.0037346
0.0015103
0.0010418
0.0021746
0.0051461
0.0030488
0.0011784
0.0025902
0.003681
0.00047419
0.00069358
0.00072511
0.00021772
7.6891e-05
0.00024901
0.0024524
0.00056785
0.0016065
0.0011681
0.00089761
6.4501e-05
0.000376
0.0015562
0.00036519
0.0015299
0.0016231
0.0017097
0.0030031
0.0022627
0.00089165
0.001323
0.0030038
0.0037847
0.0049828
0.0034823
0.0052436
0.0050146
0.0025467
0.0025992
0.0053956
0.0084089
0
0
0
0
0
0
6.0264e-05
0.00010708
0
7.6069e-05
0.00035225
0.0007329
0.00011105
0
9.7435e-05
0.00031029
0.00033463
7.4339e-05
0.0012359
0.0018714
0.00051737
0.00029263
0.00086509
0.00097771
0.0018531
0.00049422
0.0014351
0.0043002
0.00089322
0.00044657
0.0012665
0.0048803
0
0
0
0
0
0
0
0
0
0
0
0
0
0
0
0
0
0
0
0
0
0
0
0
0
0
0
0
0
0
0
0
0
0
0
0
0
0
0
0
0
0
0
0.0005552
0.00056366
0
0
0
0.0021543
0
0
0.0019614
0.0038446
0.00057382
0
0.00085104
0.0007889
0.00027511
0.00027564
0.00112
0.00057342
0
0.00025236
0.00037633
0
0
0
0
0
0
0
0
0
0
0
0.00022931
0.00034631
0.00027355
0
0
0
0
0
0
0.0049357
0.00030016
0
4.8779e-05
0.00030594
5.9041e-05
0
0.0019639
0.0025395
0
0
0.00027759
0.00036803
0
0
0.0007039
0.0049725
0.0027679
0.00070891
8.2529e-05
0.0022364
0.0036386
0.0008685
0.0012756
0.0069365
0.003418
0.0006373
0.00033082
0.0014327
0.0013107
0.0010619
0.00051711
0.00087236
0.0017371
0.00041883
0.00070594
0
0
0
0
0.00044224
0.00027241
0.00021213
0
0
0
0
0
0
0.00022086
0
0
0.00020681
0.00011639
1.4634e-05
0
0.0018234
0.0025182
0.00010685
0.00017043
0.0013231
0.0006816
0.0002373
0
0
0
0.00020885
0.00095692
0.0015721
0.00044513
0.00010678
0
0.00030105
0
0.00017915
0.00076717
0.0018996
0.0003855
0.00039818
0.00091863
0.0023901
0.0020843
0.0012602
0.0015701
0.0021962
0.0015493
0.00029726
0.00066525
0.0013492
0.0025922
0.00022975
0.0012131
0.00029991
0.00023839
0.0008286
0.00076915
7.7472e-05
0.00015853
0.00082092
0.00037923
0
0
0
0
0
0
0
0
0
0
0
0
0
0.0029687
0.00018542
0
0.0011386
0.00077277
0.00038495
9.2872e-05
0
5.0927e-05
8.2286e-05
0.00017532
0.0024402
0.0011319
0.00079334
0.0019827
0.00092803
0.0016967
0.00013228
0.00090443
0.00073521
0.00052185
0.0009405
0.00058062
0.0033953
0.0028158
0.00097678
0.0021038
0.00037037
0.00076514
0.00036629
6.6257e-05
0.00013615
0.00010688
5.567e-05
0.00013257
0.00098101
0.00050914
0.00035157
0.00053637
0.0016089
0.0010784
0.00010284
0.00088873
0.00075658
0.00032826
0.0012028
0.0023149
0.00056531
0.00063568
0.00093579
0.0010643
0.0009323
0.00065671
0.00076625
0.0021843
0.0015622
7.4458e-05
0.00038032
0.0018352
0.00015256
0
1.2195e-05
0
2.0112e-05
0.00018541
0.0022013
6.6257e-05
0.00030721
0.00061485
0.00056751
0.00017772
0
0
0
0
0.0002561
0.0001368
0.00081139
6.4501e-05
3.9327e-05
0
0.0001527
0.0012045
0.00115
0.0011887
5.349e-05
0
0.00033667
0.0019058
0.00026791
0.00029685
0.00045192
0.00038743
0.00030481
3.7863e-05
0
0
0.00023615
0.00019016
0.00056747
0.00083778
0.00014587
0.00020714
0.00031385
0.00066853
0.00042728
0.00084243
4.6404e-05
0.00061908
0.0001528
0.0007659
0.00043953
0.00090931
0.0028977
0.0018092
0.00070591
0.0015231
0.0025573
0.0011523
0.00064777
0.00074927
0.00054278
0.00084468
0
0
0
0
0
0
7.0729e-05
4.9385e-05
7.6747e-05
0.0001254
0.00023085
0.00011561
7.6891e-05
6.36e-05
0.0005216
0.00029739
0
4.4984e-05
0.00017958
0
0
0
0
0
0.0002074
0.00045757
0
0
0
0.00025721
5.145e-05
0.0001731
0.00019172
0.00028424
0.00095693
0
0
0.00013989
0.0004981
0.0005712
0.00065161
0.0003695
0.0010116
0.0014385
0.00046805
0.00030069
0.0015186
0.0014596
0.001633
0.00070317
0.0015982
0.0015783
0.00053764
0.00086966
0.00057639
0.0030858
0.0019099
0.00058449
0.00040921
0.00055246
0.00088956
6.3833e-05
0.0015197
0.0019962
0
0
0
0
0
0
0
0
0
0
1.9663e-05
2.4389e-05
0
0
0.00010223
0.00023788
0
5.9942e-05
9.7973e-05
0.0002572
7.9813e-05
0
9.7435e-05
0.00033431
0
0
7.4192e-05
9.8651e-05
0
0
0
0
7.7126e-06
0
0.0002625
0.00010827
6.2879e-05
0
0
0
0.00018593
5.1853e-05
0.0003431
0.00096672
0.00020942
0.00034368
0.00069466
0.00084409
0.00052191
0.00024852
0.0013941
0.001942
0.00033373
2.9369e-05
0.00040418
0.0018502
0.00080591
0.00015948
0.00056744
0.0012303
0.00042195
0.000353
0.0005768
0.0013964
0
0
0
0
0
0
0
0
0
0
0
0
0
0
0
0
0
0
0
0
0
0
0
0
0
3.3883e-05
0.00015939
0.00037705
0
0
0
0
1.8574e-05
0
0.00020511
0.00033097
0.0002146
0
0
0
0
2.2486e-05
0.00018471
0.00040065
6.8984e-06
8.5006e-05
9.321e-05
7.1362e-05
0.00017408
3.4232e-05
0.00021779
0.00066122
0
0
0.00017173
0.00098214
0.00016477
0
0
0.00095603
0.00014517
2.0981e-05
0.00021843
0.0004815
