0.035671
0.017058
0.018184
0.027349
0.064291
0.031248
0.029698
0.028915
0.0067217
0.0039845
0.001117
0.005446
0.022316
0.014496
0.0041951
0.00078292
0.015817
0.0051399
0.0026629
0.013159
0.037084
0.0086511
0.0018775
0.0074893
0.0030726
0.0027778
0.004176
0.0027531
0.001363
0.0023089
0.011152
0.0061317
0.01006
0.0051558
0.010228
0.0059907
0.0035285
0.0057927
0.012473
0.014511
0
0
0
0
0.0053408
0.0025576
0
0
0.001101
0.00022839
0
0.0045608
0.01305
0.00062627
0
0.00021579
0.0047026
0.0009553
0.00064095
0.0048304
0.012247
0.0012101
6.7481e-05
0.00098531
0.005798
0.0025084
0.00045385
0.0030497
0.0090878
0.002432
8.153e-05
0.00099487
0.00078638
0.00054081
7.2172e-05
0
0.0034961
0.01117
0.0037627
5.9269e-05
0.0045782
0.0030859
0.0010448
0.0003801
0.00042849
5.5605e-05
5.9726e-05
0.00050786
0.0018353
0.00023114
0.0001238
0.0011452
0.0017385
0.0043002
0.00071631
0.00020641
0.0032601
0.0015295
0.0010761
0.0041827
0.01378
0.00064223
0.00090079
0.0049217
0.00020942
0.00075805
0.0003413
9.905e-05
0
0
0.007232
0.0015284
0.00077436
0.0008025
0.0012259
0.00081013
0.00051209
0.0013009
0.0017201
0.000751
0.0031123
0.0024029
0.0027991
0.00092045
0.0017805
0.0036649
0.0046083
0.0035459
0.0036607
0.0011628
0.0023912
0.0019255
0.0011944
0.00051849
0.0030733
0.0065544
0.00010549
0
0
0
0
1.7686e-05
0
0
0.0020078
0.00077134
0.0025933
0.0015937
0.00060542
0.00089578
0.0022914
0.0035938
0.001199
0.0015929
0.004793
0.0033861
0.00070553
0.0014232
0.004443
0.0033687
0.0023131
0.0003375
0.00011227
8.8431e-06
9.3497e-05
0.00043311
0.00074143
0.0012544
0
0
0
0
0
0
0
0
0
0
0
0
0
0
0
0
0
0
0
0
0
0
0
0
0
0
0
0
0
0
0
0
0
0
0
0
0
0
0
0
0
0
0
0
0
0
0
0
0.00027789
4.7622e-05
0
0.0017617
0.0030688
0.0019017
0
0.00012999
0.0015633
0.00033133
0.00045385
0.0011439
0.0021773
0
0
0.00086488
0
0
0
0
0
0
0
0
0
0
0
0
0.0036419
0.0025576
0
0
0
0
0
0.00045161
0.0085074
0.00062627
0
0
0.00074483
0.00022839
0
0.0031881
0.005091
0
0
0.00021579
0.0015059
0.00033248
0.00057578
0.00444
0.0031716
0
0
0.00020125
0.0029618
0.00050652
6.5168e-05
0.00074189
0.0073498
0.0012101
6.7481e-05
0.00066428
0.003866
0.0021294
0
0.00050498
0.0016997
0.0004285
8.153e-05
0.00011978
0
0
0
0
0.00014221
0.00010179
0
0
0
0
0
0
0.0010985
0.0024592
0
0
3.9548e-05
2.8707e-05
0
0
0.0030175
0.0032849
0.00040688
5.9269e-05
0.0013157
0.00062906
6.4192e-05
0
0
0
0
0.00020592
0.0024169
0.001701
0.00042687
3.9926e-05
0
0
5.9726e-05
9.7367e-05
0.0021956
0.00018017
0
0
6.9717e-05
0.00076719
0.00024836
0.00010828
5.8505e-05
0.00026303
0.0001238
0.00078496
0.00081039
0.0020597
0.00020562
0
0.00036354
0.00056174
0.00062189
0.0028719
0.003188
0
0
0.0015869
0.0015063
0
0
0.00093955
0.010977
0
0
0.0016259
3.7358e-05
0
0
0
0.00053087
0.0054261
0.0024373
0
0.00046109
0.00042656
3.5711e-05
0
0
0
6.9802e-05
0
0.00089129
0.00066001
6.8919e-05
0
0
0
0
0.00016016
0
0
0.00048484
0.00013605
0.00024696
0
0
4.4419e-05
0
0
0
0.00034495
0.00084033
0.00087142
9.1096e-05
0
0
0
0
0
0.00040312
0.0004624
4.4216e-05
0
0.00023563
2.6529e-05
0
0.00014204
0.00020515
0.00025343
0.00036878
0.00035902
0.00039614
0.00023987
0.00037542
0.00029758
0.00053267
0.00026124
0.00053201
0.0011966
0
0
0
0
0
0
0.0040591
0.0004174
0.00027649
0.00082714
0.0002438
9.905e-05
0
0
0.0014102
2.2612e-05
0
0
0
0
0
0
0
0
0
0
0
0
0.0004006
0.00014147
0
0
0.00030094
0.00010869
0.00012945
3.1884e-05
0.00015262
0.0008738
0.0001271
0.00028555
0.00047811
0.00037918
0.00097654
0.00035543
0.00052054
0.00097967
0.0011387
0.00071114
0.0010298
0.00043444
0.00016829
0.00068864
0.00055192
0.00034589
0.0008856
0.0014302
0.001289
0.00042602
0.001135
0.00056849
0.00059007
4.7114e-05
0.00089172
0.0020799
0
0
0
0
0
0
0
0
0
1.6453e-05
0.00013397
0
0
0
0.0025202
0.00083305
0.00022015
0
5.8299e-05
0
0
0
0.00046384
0
0.00048398
0.00055095
0.0004891
0.00081013
0.00018504
0.00071682
0.00082503
0.00054696
0.0006774
0.00072134
0.00099374
0.00027018
0.00070194
0.0014148
0.0011444
0.0010667
0.001127
0.00076365
0.00041726
0.00030834
0.00035052
0.00052551
0.0010127
0.001048
0.00039631
0.00027909
0.00047118
0.00038633
9.6998e-05
0.00010772
0.00066086
0.0016782
0.00068428
0.00021765
0.00046738
0.00028205
9.2872e-05
0.00016156
0.00066703
0.00088753
0
0
0
0
0
0
0
0
0.00010549
0
0
0
0
0
9.1244e-05
0.00025536
0.00042767
0.00026181
0.0015991
0.00016498
0.00017703
0.00045449
0.00095736
0.0013719
0.0013648
0.00062444
0.0014732
0.0012688
0.00046794
0.00055563
0.0011771
0.0013573
0.00048141
0.0010345
0.0012214
0.0016764
8.339e-05
0.00046027
0.0015953
0.0015277
0.00039311
0.00051984
0.003507
0.001131
9.8014e-05
0.00069849
0.0017319
0.0012167
3.6461e-05
0
0
0
0.00010858
0.00025906
0.0007519
0.00014482
0.00012912
7.6387e-05
0.00012572
8.8431e-06
8.5741e-05
2.1098e-05
0.00020072
0.0002179
0
0
0
0
0
0
0
0
0
0
0
0
0
0
0
0
0
0
0
0
0
0
0
0
0.00019619
5.7047e-05
0
0
0
0
0.00031651
0.00060844
4.3874e-05
0.00013379
0.00042655
0.00029025
0.00020968
0.00020299
0.00044835
0.00062291
0.00061503
0.00041439
0.0001196
0.0005457
0.00030387
0
0.0012238
0.00095563
0.00089716
0.0002537
0
0
0
0.00033987
0.0004824
0.00070835
0.0013404
4.3874e-05
0
0
0
0
0
0.00041335
