0.052309
0.020661
0.030333
0.031236
0.022155
0.032251
0.035361
0.033546
0.01305
0.0010064
0.00026155
0.0013984
0.0028899
0.0044451
0.0032555
0.0032448
0.023949
0.006477
0.0031206
0.00082368
0.0033462
0.012103
0.0080078
0.010356
0.0062492
0.0046226
0.0099718
0.0079021
0.0049851
0.0077167
0.0076512
0.0053151
0.0090603
0.0085545
0.01698
0.021111
0.010934
0.0079861
0.016447
0.01463
0
0
0
0
0
0
0
0
0.0025517
0.00016006
0
0
0.00058865
0.00015819
0
0
0.0091505
0.0024713
0.00063245
4.2173e-05
0.00054149
0.00085746
0.00018646
0.00054965
0.0088508
0.0006214
0.00028436
0.00017033
0.00064322
0.0086233
0.0019739
0.0011947
0.0025054
0.00084636
0.00013688
0
0.00013653
0.0033004
0
0.0024864
0.0078612
0
0.00010328
0.0010732
0.0016911
0.00068691
0.0029676
0.00075842
0.002249
0.0028626
0.0021677
0.00042427
0.0015077
0.0017256
0.0013977
0.004421
0.003385
0.00052168
0
0.00016096
0.0005579
0.00091475
0.0047375
0.0041907
8.477e-05
0.0010917
0.00086945
0.0022041
0.00047643
0.0015361
0.0037718
9.0611e-05
0.0037758
0.0020537
0.0026775
0.0030621
0.0033308
0.0031404
0.0025834
0.0033342
0.00015312
0.00014344
0.0011147
0.0006494
0.00059543
0.00056687
0.0010277
0.00034139
0.0010115
0.0006893
0.0035435
0.0034962
0.002109
0.0014496
0.0031133
0.0024775
0.0019512
0.00010695
0.0029383
0.0012046
0.00040913
0.0014515
0
0.00076094
0.00033703
0.0013295
0.0033972
0.0010758
0.00089392
0.0015749
0.001296
0.00068773
0.0014771
0.002743
0.0037888
0.0059262
0.002453
0.0030957
0.0047939
0.0039276
0.0063494
0.0047278
0.0080869
0.009943
0.0055589
0.0027718
0.0071742
0.00746
0
0
0
0
0
0
0
0
0
0
0
0
0
0
0
0
0
0
0
0
0
0
0
0
0
0
0
0
0
0
0
0
0
0
0
0
0
0
0
0
0.0020102
0
0
0
0
0
0
0
0.0078052
0
0
0
0
0
0
0
0.0017792
0
0
0
0
0.0020847
0
0.0009044
0
0
0
0
0
0
0
0
0
0
0
0
0
0
0
0
0
0
0
0
0
0
0
0
0.00093891
0.00016006
0
0
0.00021991
0
0
0
0.0014775
0.0011325
0
4.2173e-05
0.00042949
0.00024132
0
0.00042901
0.0042669
0.0013388
0.00040201
0
8.0418e-05
0.0004471
0.0001202
0.00012065
0.00064044
0.00055605
0.00028436
0.00011851
0.00072017
0.00057624
0.00016678
0.00029028
0
0
0
0
0
0.0058575
0.0018235
0
0
0
0
0
0
0
0
0
0.0019675
0.00075109
0
0
0
0
0
0
0.0050244
0
0
0
0
0
0
0
0.0044769
0
0
0
0.00052309
0.00068691
0.0021984
0.00075842
0.0014197
0.0011665
0.00093735
0.00015122
0.00046961
0
0.0011863
0.0033081
0.00063631
0.0010586
0.00099139
0
0.00076612
0.00080822
0.00011783
0.00043605
0.00047204
0.00058703
0.00021081
0.00011646
0.00019729
0
5.6495e-05
0
0.0015908
0
0
0
0
0.0012957
0.0047375
0.0041907
0.00012806
0
0
0
0
0.0014525
0
0.0019921
0.00011608
6.1111e-05
0.00011548
0
0.00013653
0.0014161
0
0.00049427
0
0
0
0
0.00038901
0
0
0
0
0
0
0.00097628
0.0005332
0
0
0
0.00012468
0.00063746
0.00025854
0.00020841
0.00012647
0.00091742
0.00075155
0.00054576
0
0
0
0
0
0
0
0
0
0
0
0
2.7597e-05
0
0
0
0
0
0
0.00016096
0.00030165
2.1602e-05
0
0
0
0
0
0
0
0.0018614
0.0013012
0
8.477e-05
0.00062533
0.00030096
0
0
0
0
0
0.0012781
0.0010232
0.0012232
0.0013802
0.0014942
0.00057148
0.0010795
0.00065844
0.0014598
0.00029748
0.00029721
0.00055893
0.0016262
0.00098732
0.0010571
0.0011392
0.0002021
0.00024539
0.00068593
0.00047137
0.00012814
0.00014624
0.00038021
0.00028548
0
0
0.00023676
0.00020526
7.0326e-05
3.7096e-05
7.7887e-05
0
1.9344e-05
9.7646e-05
1.0699e-05
7.475e-05
0.00021791
9.3291e-05
0.0001919
9.5947e-05
0.00025513
9.2938e-05
0
0
0.00011794
0.00012
0.00020448
0
0
0
0
0.0015317
0.00022321
0
0.0018347
0
0
0.00044583
0.00046369
0.00025304
0.0001083
0.0001066
0.00063586
9.0611e-05
0.00023184
0.00045403
0.00092947
0.00041539
0.00025419
0.00017686
0.00010264
0.00081985
0.0007325
0
7.4974e-05
0.00047924
0.00047355
0.0010614
7.7149e-05
0.00063839
0
0
0
0
0
9.5185e-05
8.1281e-05
2.0982e-06
0
3.9921e-05
0
3.1751e-05
0.00010427
0.00019667
0.0003761
8.4684e-05
3.264e-05
0.00018826
0.00070538
0.00074934
0.00027791
0.00075842
0.00076087
0.00068823
0.00024823
0.00013469
0.0015034
0.0014057
0.00085616
0.00025996
0.0014988
0.0011346
0
0
0
0
0
0
0
0
0
5.4714e-05
0.0030645
0.0011238
0.00015374
0
0
0
2.4469e-05
0.00049633
0.00069566
0.00031683
0.00018396
0.0001153
0
0
0
2.4559e-05
0.00020208
0.00020694
0.0004423
0.0011822
0.0004683
2.4469e-05
4.9004e-05
0.00039361
0.00033324
0.00092806
0.0003928
0.0007791
0.00044494
1.4836e-05
0.00032875
7.5651e-06
0.00075115
0.0015764
0.0012417
0.00030207
0.001196
0
0.0010223
0.0013398
0.0017687
0.0029028
0.00058588
0.00082893
0.0013892
0.00075062
0.0015788
0.00052541
0.0021871
0.0023138
0.00093483
0.0011714
0.0021451
0.0026336
0.00088913
5.9384e-05
0
0
0
0
0
4.4062e-05
0.0010621
4.7569e-05
0
0.00027933
0
0.0010265
0
0.00066405
0.00022834
0.00060363
0.0022861
0.00018483
0
0
0
5.2831e-05
2.9673e-05
0.00022218
0.00015105
0.00026158
0.00017735
0.00018349
0.00029956
0.00019676
0.0005114
0.00052314
0.00058514
0.0011993
0.00058773
0.0012058
0.0012223
0.0013542
0.00043342
0.00062202
0.0011508
0.0012193
0.00040281
0.00075644
0.0012924
0.0018476
0.0010359
0.0010601
0.00099059
0.0026977
0.0012603
0.00045602
0.0014688
0.0014257
0.001705
0.0010845
0.0020102
0.002283
0.0024148
0.00083856
0.0014369
0.0018309
