0.034643
0.019328
0.029481
0.036312
0.038215
0.018841
0.030901
0.049009
0.0061955
0.0026829
0.0014763
0.0062003
0.010856
0.0030942
0.0034886
0.0075504
0.008697
0.0061686
0.0036572
0.0048573
0.011369
0.0030207
0.001248
0.0048187
0.010486
0.004822
0.012567
0.0087136
0.0082135
0.0068975
0.015989
0.015572
0.0092652
0.0056541
0.01178
0.016541
0.0077765
0.0058283
0.010176
0.021069
0
0
0
0
0
0
0
0
0.00022869
6.3304e-06
0
6.7387e-05
0.0024354
0
0.00036069
0.0023755
0.004284
0.0027171
0.00091991
0.0012415
0.0093382
0.0011513
0.00047345
0.0022273
0.00088935
0.001162
0.00051155
0.00047223
0.00073488
0.00032022
0
0.00013076
0.0012898
0.00096603
4.1221e-05
7.7294e-05
0.00056222
0.00076649
0.00041147
0.00071903
0.0046258
0.0016849
0.001316
0.0057651
0.0074872
0.0023277
0.0027164
0.0039698
0.0019574
0.0011694
0.0017139
0.00086705
0.0010823
0.0014226
0.00029093
0.0019298
0.0014236
0.00099088
0.00051182
0.0025671
0.00044668
0.00010374
0.00031155
0.00084297
0.0046556
0.0014889
0.0022657
0.0018696
0.0026055
0.0020602
0.0033332
0.0068008
0.00094725
0.00071502
0.00078785
0.00027059
0.00023558
7.5743e-05
0.00042847
0.0014946
0.0022282
0.0018337
0.0027422
0.00253
0.0020537
0.0015101
0.0026064
0.0050738
0.0042054
0.0027058
0.0054933
0.009406
0.0039612
0.0032625
0.0030153
0.0085042
0.00056015
0.00079848
0.0080591
0.0017116
0.0020446
0.002855
0.0087196
0.00096665
0.0040465
0.0013879
0.0011751
0.0040957
0.0029754
0.0017364
0.0029243
0.0058389
0.0014245
0.00059744
0.0028339
0.0025375
0.00073581
0.00043269
0.0018058
0.0036229
0.0016435
0.00057138
0.00083121
0.0014294
0.00074632
0.00061264
0.0028538
0.0037726
0
0
0
0
0
0
0
0
0
0
0
0
0
0
0
0
0
0
0
0
0
0
0
0
0
0
0
0
0
0
0
0
0
0
0
0
0
0
0
0
0
0
0
0.00051124
0.0010502
0
0
0
0.00016078
0.00046631
0
0.00059433
0.00062882
0.00032022
0
5.1038e-05
4.8329e-05
4.6999e-05
0
0
0
0
0
0
0
0
0
0
0
0
0
0
0
0
0
0
0
0
0
0
0
0
0
0
0
0
0
0
0.00022869
0
0
1.7905e-05
0.0017925
0
0.00036069
0.0016951
0.00032875
0.00015395
0
0
0.0052126
0
0
0.001813
0.0031011
0.0018165
0.00087145
0.00028857
0.0033431
0.0011513
0.00011097
0.00070494
0.00093387
0.0011012
0.00056001
0.00031959
0.00048121
0
0
7.9723e-05
0
0
0
0
0
0
0
0
0
0
0
0
0
0
0
0
0.00064065
0.0002718
0
0
0.00020689
0.0001397
3.5264e-05
0
0.00010551
3.6912e-05
0
0.00014213
0.0021315
0.00065946
7.7397e-05
7.6556e-05
0.0023742
3.2431e-05
8.795e-05
0.0027045
0.0021303
3.0095e-05
0
0.0017395
0.00088995
0.00053688
0.0011269
0.00096078
0.00069545
0.001047
0.00038582
0.0020407
0.0011894
0.00031052
0.00011954
4.5737e-05
0.00035787
0.00010689
4.0223e-05
0
2.6858e-05
5.8505e-05
0.00028048
0.0009246
5.1038e-05
4.7118e-05
0.00010242
0
0
4.612e-05
0
0.00059262
0.00017081
0
0
0
0.00056065
0.00052278
4.1221e-05
4.3322e-05
2.4022e-05
7.3499e-05
1.1673e-05
0.0006114
5.8364e-05
4.3121e-05
0
3.3973e-05
0.0003313
0.0003978
0.0002495
0.00010763
0.00079403
0.00097763
0.00092466
0.00051973
0
0.00015867
0.00096877
0.00051035
0.0013821
0.0005547
0.0003034
0.0021739
0.0030309
0.0015431
0.0017256
0.0016435
0.00032428
0.00055527
0.0003898
1.1324e-05
7.4794e-05
0.00022451
0.0001538
0.00017362
5.1662e-05
0
0
0
0
4.4223e-05
6.256e-05
9.8795e-05
0.00027607
0.0003066
0
0
0
0
0.00016869
0.00025436
0.00083239
0.00058062
0.00017325
0.00054665
2.7883e-05
0
6.0851e-05
0.00043533
8.0424e-05
0.00035489
0.00081931
5.7322e-05
7.7738e-05
0.0002884
0.0007149
0.00013637
0.00013741
2.6858e-05
0
0
0.00025641
0.00036353
0.00051352
0.00042958
5.8505e-05
0
7.9168e-05
4.0037e-05
4.5649e-05
3.8507e-05
0.00018435
0.00013026
2.2825e-05
0.00042494
0.00052154
7.8629e-05
0
0
3.8507e-05
0.00018082
0.00023479
0.00030374
0.00010657
8.5982e-05
0.00013732
6.536e-05
0.00041329
0.00051157
0.00069428
0.00038405
0.00060547
0.00066153
0.00019603
0.00031379
0.00036961
0.00079567
0.00056011
0.00033855
0.001021
0.0017072
0.00041334
0.00039651
0.00036059
0.00058789
0.00051941
0.0007611
0.00079637
0.0011545
0.00093397
0.00090902
0.00045726
0.0019708
0.00016122
0.0012355
0.0012788
0.00082557
0.0011355
0.0010081
0.0012573
0.0015607
0
0
0
0.00098668
0.0011359
0.00025151
0.00084305
0.00029143
0.00021264
2.0415e-05
0
0
0
0
5.4171e-05
0.00072105
0.00054736
0.0003207
0.00016712
0.00011416
1.1673e-05
0
0.00011081
0.00022121
0.00015275
0.0003577
0.00021536
0.00073678
0.00041199
0.00025072
0.00047636
0.0014767
0.00076114
0.00059941
0.00097276
0.00033732
0.0014444
0.00061571
0.0010055
0.0018046
0.0014273
0.0003227
0.0027698
0.0032503
0.00061284
0.00056366
0.0013151
0.0030539
0.0014346
0.00056079
0.00091801
0.0030846
0.0017423
0.0011006
0.00060109
0.0020106
0.0022922
0
0.0028292
0
0
0.00085746
0.0029541
0.0015145
0.0019537
0
0
0
0
0
0
0.0027527
2.9557e-05
0
0
0
0
0
0.00048727
0.0016746
0.00028627
0.00015464
0.00013875
0
0
3.7237e-05
0.00045447
0.00066078
0.0001768
0.00025944
0.00058821
0.00020159
7.4503e-05
4.1175e-05
0.00026781
0.00049892
6.248e-05
0.0003069
0.00017734
9.2304e-05
5.4087e-05
0.00017168
0.00028357
0.00041441
0.00034234
5.6468e-05
0.0002447
0.00033409
9.1106e-05
9.7523e-05
0.00066149
0.001636
0.00075508
0.00057928
0.00018523
0.00060678
0.00017932
0.0001002
0.00079194
0.001273
0.00030277
0.00033358
0.001469
0.00065878
0
0.0016866
0.0043302
0.00010717
0.00025738
0.0004649
0.0028208
0.00067567
0.001674
0.00020881
0.00048843
0.00015156
0.0013801
0.00082476
0.0003212
0.00098181
0.0019199
0.0013247
0.0011524
0.00047525
0.0016792
0.00021865
0.00030477
0.0015857
0.00081127
0
0.00050863
0.002716
0.00085036
4.2087e-05
0.00123
0.0016856
0.00026871
0.00025875
0.00025194
0.00089643
0.00021512
0.00023758
0.00050497
0.00016966
0.00019231
6.9124e-05
0.00099312
0.0014579
0.00038794
0.00016685
0.00040214
0.00049216
0.00022893
5.171e-05
0.00018878
0.00082388
0.00011427
6.2125e-05
9.8768e-05
5.3745e-05
0.00023929
0.00015095
0.00088321
0.00043616
