0.017253
0.017122
0.020927
0.030823
0.051689
0.025096
0.020326
0.069224
0.005982
0.0028672
0.0025475
0.0068263
0.02897
0.018462
0.0022864
0.0070191
0.0047319
0.0098806
0.011406
0.019679
0.020617
0.0030014
0.0015389
0.003979
0.0017042
0.0011054
0.0013196
0.00069723
0.00047913
0.0025632
0.013156
0.026402
0.0048351
0.0032688
0.0056531
0.0036205
0.0016223
0.0010694
0.0033449
0.031824
0
0
0
0
0
0
0
0
0
0
0
0
0.0076907
0.0019154
0
0.00059296
0.0021984
0.004228
0.0020171
0.0011374
0.016934
0.0007664
0.00026786
0.0007114
0.00096587
0.002132
0.0013458
0.0016099
0.00091812
0
0
0
0
1.9496e-05
4.8609e-05
0
0.0063815
0.01052
0
0
0.005982
0.0027732
0.0024235
0.006347
0.01382
0.0054829
0.0022864
0.0061716
0.0015677
0.0035651
0.0062534
0.0013248
0.002175
0.002235
0.0012105
0.0035223
0
0
0.0018337
0.015242
0.0014905
0
0
0
0.00038958
0.00017227
4.1176e-05
3.172e-05
0
0.0028197
0.01258
0.0061611
0.0008868
0.00089872
0.0011905
0.0010228
0.00065637
0.00028734
0.00057626
0.0014661
0.0010521
0.00086812
0.0014462
0.0018072
0.0010442
0.00047714
0.0011089
0.00099153
0.0013134
0.00071889
0.0012461
0.00056277
0.00011104
0.00044845
0.0014636
0.0031587
0
0
0
0
0
0
0
0.00053501
0.00039441
0
0
0
0
0
0
0.017619
0.0010108
0.00047628
0.0005733
0.00019977
0
0
0.0001034
0.015664
0.001321
0.0012698
0.0025071
0.00093568
0.00042041
0.00014375
0.00072957
0.012039
0
0
0
0
0
0
0
0
0
0
0
0
0
0
0
0
0
0
0
0
0
0
0
0
0
0
0
0
0
0
0
0
0
0
0
0
0
0
0
0
0
0
0
0.00016577
0.0034002
0
0
0
0.00070577
0.0005946
0
0.0017756
0.0013062
0
0
0
0
0
0
0
0
0
0
0
0
0
0
0
0
0
0
0
0
0
0
0
0
0
0
0
0
0
0
0
0
0
0
0
0
0
0
0
0.0044488
0.0019154
0
0.00029804
0.00036494
0.00063704
0.0016444
0
0.011746
0.00055033
0
0
0.001315
0.0022964
0.00037266
0.00080582
0.0029211
0.00021607
0.00026786
0.0007114
0.00059082
0.0022896
0.0013458
0
0
0
0
0
0
0
0
0
0
0
0
0
0
0
0
0
0
0
0
0
0
0
0
0
0.0054251
0.0015442
0
0
0.00013345
0.00013386
4.2556e-05
9.0337e-05
0.0087614
0
0
0
0.00049312
0.00019297
9.3729e-05
0.00089903
0.0033921
0
0
0.0011245
0.00090821
0.0015531
0.00011039
0.0002521
0.0014112
0.0016881
0.00064395
0.0025611
0.00044064
0.0021777
0.0042298
5.6742e-05
0.00056509
0.00063921
9.9747e-05
4.2556e-05
0
0
0.00025573
0.00026585
0
0
0
0
0
0
0
0
0
0
0
0
0
0
0
0
0
0.0059852
0
0
0
1.9496e-05
0
0
0.00043141
0.0019062
0
0
0.0026531
0.0013695
0.0013315
0.00056668
0.00136
0.00099487
0.00027527
0.00028848
0.0026144
0.00098231
0.00045047
0.001704
0.0013286
0.0031875
0.0015028
0.0047559
0.00024036
0.00034113
0.00082065
0.00075323
0.00019875
0.00093108
0.00077216
0.00050738
8.878e-05
2.5464e-05
0.0002591
9.3857e-05
0
0
0.00014786
0.00033905
0
0
0.002535
0.0059271
0
0
0
0
0
0
0
0.0083255
0.00049185
0
0
0
0
0
0
0
0
0.0038516
0.0050342
0.00043812
0.00012305
0
8.0329e-05
0
0
0
0
0.00012977
0.00011985
0.00025201
0.00086656
0.0012227
0.00025672
0
0
0
0.00033872
0.00018322
0.00015584
0.0026003
0.0014558
0.00033403
0.00027253
0.00046955
0.00025669
0.00029414
0.00021815
0.000428
0.00016629
0
5.5143e-05
0.00030159
0.00039275
0.0003188
0.00029527
0
0
0.00018921
0.00042708
0.00051036
6.7819e-05
5.0264e-05
0
0
9.4172e-05
0.00026224
0.00049273
0.00034934
6.0554e-05
0.00015267
7.1084e-05
8.6111e-05
0
0
5.1146e-05
0
0
0
0
0
0
0
0.0027702
0
0.00022294
0.00010883
9.4569e-06
0
0
5.2228e-05
0.0043187
0.0035132
0.00013634
8.4585e-05
0
0
0
5.6742e-05
0.00016796
0.00051033
0.00025278
0.00012585
0.00014582
0.00022137
0.00012073
0.00017366
2.1146e-05
0.00047672
0.00028598
0.000349
0.00084071
0.00046775
0
0
0
0.00010757
0.00027029
0.0002464
0.00037351
0.00065089
0.00085276
0.00028793
0.00054641
0.00024895
0.00037735
0.00014197
0.00016917
0
0
0.00011041
0.00046047
0.0007046
0.0003234
0.00026695
0.00039155
5.7718e-05
0
7.5803e-05
0.00059461
0.0012295
0
0
0
0
0
0
0
0
0
0
0
0
0
0
0.00045649
0.00208
0
0
0
0
0
0
0
0.009457
0.00039441
0
0
0
0
0
6.6871e-06
0.0063264
0.0003821
8.1052e-05
2.8762e-05
0
0
0
0.00021133
0.00078839
0.00042285
0.00040242
0.0002873
0.00026054
0
0
0
0.00018114
0.00061274
0.00060664
0.00068879
0.0004569
5.583e-05
4.7285e-05
9.4905e-05
0.0005551
0.00049661
7.9726e-05
0.00021444
0
0
9.6469e-05
0.00049396
0.0015203
0
0
0
0
0
0
0
0
0
0
0
0
0
0
0
0
0
0
0
0
0
0
0
0
0
0
0
0
0
0
0
0.0012118
0
0
0
0
0
0
0
0.0081124
0
0
0
0
0
0
0
0.0067377
6.3341e-05
0.00027918
0.001152
0.00025496
0.00010924
0
0
0.0054704
0.00024057
0.00017329
0.00042128
0.00030421
8.8781e-05
0
0.00014071
0.0043695
