0.023777
0.016228
0.013821
0.027424
0.075242
0.028993
0.028947
0.039327
0.0083656
0.0044734
0.0044098
0.0061402
0.034621
0.01764
0.0015783
0.0069616
0.011552
0.010526
0.008446
0.018112
0.036541
0.0088622
0.004469
0.0078659
0.0020148
0.00080776
0.00079008
0.0029106
0.0023201
0.00098858
0.021806
0.018113
0.0018446
0.00042035
0.00017467
0.0002614
0.0017598
0.0015016
0.001094
0.0063868
0.0011699
0.0011035
0.00036761
0.0036787
0.0025022
0.00042484
0.00082511
0.0015282
0.00065308
9.5857e-05
0.00012614
0.0009742
0.019169
0.0014967
0.00053476
0.001255
0.0018551
0.0016734
0.0019137
0.0021927
0.018179
0.0026205
0.00090391
0.0014369
0.0063378
0.0049172
0.00050879
0.0052994
0.010252
0.00026305
0.00019725
0.0036981
0.0013593
0.00035484
0.00031681
0.001217
0.0096183
0.015189
0.00021845
0.002124
0.0051271
0.0029192
0.0030749
0.00021881
0.0029622
0
0
0.0016074
0.0025148
0.0011053
0.00018951
0.00067457
0.0033953
0.0055826
0.0030604
0.0027445
0.0009007
0.0028305
0.005834
0.0098415
0.0027275
0.00039613
0.00030741
4.4071e-05
0.0002132
0.00038802
0.00049708
2.2472e-05
0
0.0011183
0.017336
0.0018126
0
0
0.00050619
0.0028881
0.0013134
0
0
0
5.1953e-05
4.639e-05
6.6505e-05
7.0788e-05
0.0026272
0
0
0
5.8588e-05
0.00018986
0
0
0.000949
0.0011447
0.0001635
0.00023275
0.00036664
0.00020527
0.00010703
0
0
0.00034692
0.0029379
0.0029515
0.0013099
0.00021447
0.00017328
0
0.00041029
0
0.0015322
0.013008
0.0013387
0.0001422
0.00010817
0
0
0
0.00040023
0.0041056
0.00033968
4.1904e-05
0
0.00019061
0.00035923
0.00035695
0.00040926
0.0019494
0.00025936
0.00026832
8.8582e-05
0.0011322
0.00078205
0.00026611
0.00046154
0.00027658
0.00065496
0.00011936
0
9.7157e-05
0.00054751
6.31e-05
0.00011769
0.0004164
0.00034779
0.00016196
0
0
0.00045745
6.9089e-05
0.00010374
0.00037174
0
0
0
5.3069e-05
0.00023793
0.00015699
8.4703e-05
0.00053693
0
0
0
0.00037072
9.9917e-05
0.00022176
0.00035464
0
0.00062909
0.00019316
0.0011726
0.00056671
0
0
9.3489e-05
0.00072611
0.00014255
0.00011663
0
0
0.008372
0.001014
3.7912e-05
0.00015195
0.00085542
0.00099517
0.00020273
0.0040316
0.001528
0.00014359
5.8798e-05
0
0.0001883
0.00039853
0
0.0010379
0.00077577
9.5623e-05
0.00024588
0.00025257
6.7272e-05
0.00025121
0.0002199
0.0014115
0.00029954
0
0
0.00049706
3.9908e-05
0
0
0.00029233
0.006675
0.00060518
0
0.00036584
0.00026538
0
6.0028e-05
0.00058343
0.010656
0.00014777
0.00034632
6.6107e-05
0
0
6.6107e-05
0.0013006
0.007894
0.0003748
0
0.0002315
0.0012261
0.0013473
0.0007411
0
0.010385
0.00055872
0.00036313
0
0.0021251
0.0029345
0.00021881
0
5.6439e-05
0.00041246
0.00019319
0.00098258
0.0032148
0.00024315
8.7257e-05
0.00073078
0.00066278
0
0
0.0016536
0.00057792
5.8798e-05
0
0.00093272
0.00055469
0.00040772
0.00010885
0.0011704
0.00046816
0.00027034
0.00030275
4.4071e-05
0.0084396
0.0027002
8.7479e-05
0.00070721
0
0
0
0
0.0034672
0.0010385
0
0
0
0
0
0
0
0
0
0
0.00072026
0.00013105
0
0
0.00021264
0.00023904
0
0.00037804
0.00074808
0.0011539
0.00018951
0.00067457
0.002219
0.001157
0
0
0.00084496
0.0028184
0.003704
0.0011455
0.00019734
0.00032662
0
0
5.5746e-05
9.6656e-05
0.00010289
0.0014378
0.0015045
1.7629e-05
0
0
0.00031327
2.5698e-05
1.2465e-05
1.3937e-05
0
0.0068162
2.2123e-05
0.00024634
0
0
0
0.00022631
0.00062404
0.0037161
0
0
0
0
0
0
0
0
0
0
0.0043503
0.0028723
0.0021755
0.00021881
0
0
0
0.0008903
0.0018233
0
0
0
0.00057943
0.0026698
0.0030604
0.0030837
0
0
0
0
0
0
0
0
0
0.00054323
0.0017127
0.0009003
0
0
0
0
0
0
0.00031447
0.0046159
0.00027356
2.2036e-05
2.5698e-05
4.4071e-05
0.0002132
0.00038802
0.00047158
0
0
0.0021182
0.0077528
0
0
0
0
0
0
0
0
0
0
0
0
0
0
0
0
0
0
0
0.0014056
0.0022842
0.00090596
0
0
0
0
0
0
0.00060392
0.0032216
0.0013484
0
0
0
0
0
0
0
0
0
0
0
0
0
0
5.3615e-05
0.00013848
7.4921e-05
8.5116e-05
0
0
0
8.1412e-05
0.00037805
0.00044699
4.4291e-05
0
0
0
8.6227e-05
2.2472e-05
0
2.8219e-05
0.0029543
0
0
0
0
0
0
0
0.006077
0.00084251
0
0
0
0
0
0
0
0
0
0
0
0
0
0
0
0
0
0
0
0
0
0
0
0
0
0
0
0
0
0
0
0
0.00011054
0.00023625
6.6505e-05
7.0788e-05
0.00063729
0.00039361
0
0.00011211
0
0
0
0
4.4071e-05
0.00016557
4.4291e-05
3.5531e-05
0.00019011
3.5531e-05
0.00010703
0
0
0
0
0.00050829
0
0
0
0
0
0
0.0031976
0.002867
0
0
0
0
0
0
0.00046763
0.0017478
0
0
0
0
0
0
0
0
0
0
0
0
0
0
0
0
0
0
0
0
0
0
0
0
0
0
0
0
0
0
0
0
0
0
0
0
0
0
0
0
0
0
0
0
0
0.00026995
0
0
0
0
0
0
0
0
0
0
0.00050235
0.00018091
0.00017328
0
0.00041029
0
0.00080571
0.0039972
0
0
0
0
0
0
0.00025882
0.0067924
4.928e-05
0
0
0
0
0
0.00012781
0.0019253
0.00061281
0.0001422
0.00010817
0
0
0
4.6848e-05
0.0012664
8.2769e-05
4.1904e-05
0
2.3733e-05
0
0.00026325
0.0002813
0.00023764
7.6967e-05
0
0
0.00016688
0.00035923
9.3697e-05
0.00012796
0.00071864
