0.034186
0.024963
0.021613
0.040868
0.049451
0.021004
0.022211
0.042203
0.012106
0.0031325
0.0051809
0.0059131
0.020304
0.011192
0.0086228
0.014392
0.011463
0.015737
0.0076554
0.011147
0.018588
0.004661
0.0038586
0.011314
0.0047457
0.0033523
0.0031208
0.0095681
0.0053085
0.0016591
0.001765
0.0061957
0.0058709
0.002741
0.0056561
0.01424
0.0052508
0.0034918
0.0079642
0.010301
0.0039605
0.00014435
0.0005974
0.0007257
0.00046629
0.00061153
0.00038215
0.0050937
0.0049128
0.00023935
0.00056171
0.0016186
0.0071402
0.0025526
0.0016995
0.0046186
0.0040437
0.0038385
0.00084525
0.0021059
0.011387
0.0021751
0.00067575
0.001727
0.0031083
0.0046934
0.0033069
0.0021143
0.0027349
0.0017078
0.0010625
0.004785
0.00052922
0.00013711
0.0007898
0.00073106
0.0039224
0.0045856
0.0013048
0.00084318
0.0025191
0.0023527
0.0030221
0.0028377
0.0080825
0.0031659
0.0050712
0.0036483
0.0034031
0.0052674
0.0024923
0.00067011
0.00098313
0.0003668
0.00049912
0.0012269
0.00090588
0.001907
0.001011
0.0061402
0.0041125
0.00041122
0.0016213
0.0035583
0.0010566
0.00073793
0.0012042
0.0013769
0.0010098
0.00061874
0.00065722
0.00087427
0.0020245
0.0013459
0.00078064
0.0023149
0.0014503
0.00054221
0.00051685
0.0027437
0.00076704
0.0011078
0.001088
0.0012912
0.00075349
0.00098836
0.0022595
0.0014822
0.00085953
0.000591
0.0024163
0.0023172
0.00089554
0.00094868
0.0019335
0.0021848
0.00077216
0.00098853
0.00042367
0.0032026
0.0018436
0.00064462
0.00035293
0.00088522
0.00030923
0.0004851
0.00086139
0.0025893
0.00091961
0.00013008
0.00040325
0.00028793
0.0010213
0.0001336
0.00040109
0.0050076
0.0017856
0.00072814
0.00066048
0.0014237
0.0017938
0.0008226
0.0016691
0.0055081
0.0017689
0.0007848
0.0031108
0.0031418
0.0009975
0
0
0
0
0
0
0.0013618
0.0018819
0
0
0
0
0
0
0.0011417
0.0013688
0
0
0
0
0
0
0.0017607
0.0020355
0
0
0
0
0
0
0.0012277
0.001729
0
0
0
0
0
0
0.0014782
7.3881e-06
0
0
0.00024538
0.002249
0.00055286
2.0098e-05
0.00013176
0.0008581
0.00061404
0
0.00080993
0.0010388
0
0
0.00091737
0.00066309
0
0
0
0
0
0
0.0024361
0.00028007
6.911e-05
0.00058898
0.00013056
0
0.00061153
0.00028625
0.00023496
0.00013624
0
8.4237e-06
0.00057947
0.0004234
0
0
0.00087864
0.00069982
0.00023935
0.00049613
0.0004512
0.0010612
0.00045715
0.00011377
0.00053018
0.00054613
0
6.5583e-05
0.00099153
0.0050395
0.0014882
0.0011738
0.00098551
0
0.0008008
0.00066656
0.0012524
0.0072642
0.00086842
0
0
0.0011122
0.0014236
0.00017869
0.00079961
0.0018453
0.0012029
0.00065565
0.00024567
0.0021257
0.0049937
0.0019878
0.00019064
0.00055358
0.00084028
0.00022098
0.00032639
0.00011457
0.00041484
0.0011396
0.0010125
0.0013007
0.00093843
0.00084147
0.00072819
0.00042763
0.00021234
0.00027255
0.00038661
7.5344e-05
0.00017378
0.00050189
0.00075325
0.00055589
0
0.00017374
3.9717e-05
0.0020169
0.001646
0
0.00094526
9.3919e-05
0
0
0
0.0032705
0.00028006
0.00011253
0.00028327
0
0
0
0
0.00032065
0.00039064
0.0025158
0.00070255
0.001547
0.0027821
3.0729e-05
1.1913e-05
0.00098311
0
0.0010294
0.00061581
0.0016533
0.0025761
0.0017038
4.2054e-05
9.003e-05
0.00012831
9.5623e-05
0.00021648
0.00062719
0.00062326
0.00073607
0.0006472
0.00086188
0.0004166
0.00086964
0.0009599
0.0003593
0.00051646
0.00028151
0.00060676
0.0016159
8.1844e-05
0.00046632
0.0022303
0.00021051
0
0.00034351
0.00030473
0.0014398
0.00054783
5.4542e-05
0.00027716
0
0
0
0
0.00039042
0.0015207
0.00048221
0
0.0024396
0.0018266
0
0.00024369
0.0034445
0.00097446
0.00018279
0.0011547
0
0
0.002629
0.0014936
0.0011793
0.001012
0.0017077
0.0017596
0.00014635
0
0
0
0
0
0
0.0001118
0.00013586
0.0001941
0.00029857
0.00015574
0.00010017
0.00010971
0.00014026
0.00028278
0
0.00029624
0.00022147
0.0035515
0.00038043
0.00012878
0.00019257
0
0
0
0
0.0011019
0.0012475
0
0.00020071
0
0.00037372
0.0001945
0.0002146
0.00080727
0.00064991
0.00026037
0.00022013
0.00030639
0
0
0
0
0
0
0.00031327
0
0.00040868
0
0.00060302
0.0030554
0.0006784
0
0.00067984
0.0017618
0.0015139
0.001603
2.5805e-05
4.3895e-05
0.00094114
0.0016669
0
0.00087533
0
0.00019759
0
2.301e-05
0
0
0
0
0.00021319
0.00026306
0.00019012
0.00047145
0.00014451
0.00019632
0.0010141
0.00065224
2.6638e-05
3.117e-05
0.00029858
0.00060712
0.00038318
2.8518e-05
0.00031039
0.00040771
8.1824e-05
5.1239e-05
0.00021619
0.00057124
0.00015423
6.8272e-05
0
0
0.00033631
0.00035692
0.0004223
0.00033963
0.00015714
0.00013576
0.00013372
0.00039574
9.9974e-05
4.0965e-05
0.00047113
0.00022997
0.0002027
0.00014372
0.00015291
2.7138e-05
0
0
2.823e-05
2.5271e-05
0
0
0
0
7.0425e-05
0.000269
0.00045821
0.00014471
0.00011068
3.5355e-05
9.2433e-05
0.00011074
0.00018012
0.0002121
0.00043528
0.0004454
0.0001749
0.00038409
0.00017429
0.00023678
0.00040517
0.00018139
0.00031145
0.0002298
0.00030355
0.00025375
0.00058486
0.00019818
0.00015268
0.0001311
0.00065558
0.00024485
6.2077e-05
0.00038192
0.00040247
0.00070274
0.00011734
0.00022962
0.00093601
0.00075758
0.00025838
0.00035033
0.0010364
0.0010048
0.00038461
0.00015789
0.00017039
0.00096948
0.00058686
0
0.00012218
0.00041124
0.00051949
0.00041727
0.00011077
0.00067045
0.00052705
0.0003352
8.4277e-05
0.00037336
0.0003727
0.00031497
0.00058496
0.00094028
0.00012899
2.1027e-05
0.00027006
0.00028793
0
5.4928e-05
0.00021335
0.00024468
5.0334e-05
0
0
0
0
0
0
0
0
0
0
0
0.00016237
0.00028929
0.00017685
0.0001638
0.00026795
0.00015694
0.00036112
0.00088824
0.001132
0.00035301
0.00079852
0.00079902
0.00012072
0.00013677
0.0025688
0.0015605
0.00077612
0.00054394
0.00093373
0.00060449
9.4613e-05
0.00048575
0.00092808
0.001386
0
0
0
0
0
0
0
0
5.1239e-05
0.00049148
0.00018694
0
0
0.00043421
0.00018049
0.00024563
0
0
0.00014983
0.00016302
0.00014572
0
0.00013319
0
0
0
0
0.00041942
0.00015322
5.9767e-05
0
0
0.00067486
0
8.2667e-05
0.0015143
0
0.00042995
0.00034991
0.00030028
8.1895e-05
0
0.00021698
0.0017689
0.00027774
0.00011198
0
0.00030739
0
0
4.6257e-05
0.0013122
0.0013432
0.0002793
0
0
0.00025151
0.00010983
0.00020155
0.0020457
0.00019599
0
6.2907e-05
0.00021802
