0.025999
0.022264
0.022166
0.031318
0.051588
0.042399
0.029262
0.029172
0.0088257
0.0058495
0.0092873
0.0099474
0.025435
0.023086
0.0048479
0.0075725
0.0064042
0.0069357
0.0021217
0.012492
0.014053
0.0026775
0.0015937
0.0046123
0.0040907
0.0046703
0.0051153
0.0024646
0.0023439
0.0061128
0.016838
0.011451
0.0066781
0.0048082
0.0056414
0.0064134
0.0097563
0.010522
0.0059821
0.0055364
0.00033637
0
0.00035154
1.4439e-05
0.0022243
0.00085767
0.00039437
0.00046768
0.0020189
0.0019604
0.0031613
0.0025823
0.012998
0.0023719
0.00083782
0.0036921
0.0023982
0.0047222
0.00058394
0.001542
0.0076137
0.00069955
0.00039235
0.00098498
0.0001075
0
0
0.0004244
0.00064881
0
0.00013399
0.0015572
0.00046977
0.00040922
0.00064555
0.00091115
0.0034381
0.016012
0.00015355
0.00028164
0.0060007
0.0033051
0.0050475
0.0059893
0.0058764
0.0033761
0.003392
0.0031311
0.0023798
0.0016675
0.001261
0.0052548
0.0029629
0.0010829
0.0007183
0.0012293
0.001392
0.00041701
0.0003224
0.0055703
0.0035722
0.00066412
0.00025162
0.0007517
0.00090098
0.0015076
0.0010666
0.00040115
0.00037173
0.0019438
0.010119
0.0033813
0.0014049
0.0022632
0.0012812
0.00059496
0.0001814
0.0012677
0.00081834
0.0012836
0.0021547
0.0014854
0.0010896
0.00077745
0.0014169
0.0024942
0.0011768
0.0014307
0.0016352
0.001523
0.0022962
0.0027227
0.003416
0.0021795
0.0012708
0.0012081
0
0
0.00015349
0
0
0
0.00074017
0.0014187
0.001505
0.00082198
0.0025923
0.0011937
0.0017734
0.0033702
0.0048266
0.0053671
0.0022783
0.0008635
0.0007388
0.0015896
0.0018055
0.0021391
0.0014664
0.0017476
0.00067961
0.00093183
0.0012886
0.0012012
0.0029807
0.0034725
0.0016024
0.00115
0
0
0
0
0
0
0
0
0
0
0
0
0
0
0
0
0
0
0
0
0
0.00038572
1.7566e-05
0
0
3.0697e-05
0.0003847
9.1319e-06
0
0
0
0
0
0
0
0.00051323
0.007933
0
0
0
0.00065744
0.00015575
0
0.0009479
2.0824e-05
8.3065e-05
8.4575e-05
0.00015624
0
0
0
0
0.00054175
0
0
0.00018285
0
0
0
0.00038317
0.00014798
0
0
0.00038835
0
0
0
1.4439e-05
7.8885e-05
7.65e-05
0.00020731
0.00028674
0
0
0.00029201
0
0.0018757
0.00061211
0
0.00015206
0.001312
0.00047703
0.0013549
0.0014366
0.0042194
0.00096763
0.00012788
0.00034649
0.00070692
0.00038497
0.00024251
0.00052425
0.0081143
0.00053883
0.00069238
0.0033456
0.0017407
0.0052935
0.0013689
0
1.0412e-05
0.0012653
0.00030777
0.00074038
0
0.00034066
0
0
0.00010221
0
0
0
3.7652e-05
0
0
0
0
0
0
0.00035585
4.6564e-05
0
0
0
0
0
0
0.00068484
0
0
0
0
0
0.0010051
0
0.00023303
0.00052829
0.00025402
0.00036001
0.00083145
0.0032908
0.0052303
0.00018706
7.7494e-05
0.0027779
0.0018097
0.00075713
0.0011636
0.0029994
0.00035438
2.615e-05
5.1658e-05
0.00055658
0.0002602
0.0016374
0.0019866
0.0014192
0.00095933
0.0016688
0.001983
0.00042118
0.00068145
0.0010882
0.0015385
7.6421e-05
0.00011014
0.00012762
0.00029838
0
0
0
0.0010777
0.0006255
0
0
0
0
0
0
0.0013024
0.0008601
0
0
0
0
0
0
0.0023963
0.0023614
0
0
0
0
0
0
0
0
0.0089557
0
0
0.00023773
0.0001089
0.00023852
7.9698e-05
6.6669e-05
4.3316e-05
0.00015355
0
0.0019039
0.00076962
0.001634
0.0019321
6.1736e-05
0.00025362
0.00021993
0
0.00051157
0.00022814
0.00030298
0.0014722
0.001879
0.0016471
0.0013383
0.00096563
0.00065106
0.00061119
0.00089548
0.001921
0.0011971
0.00025586
0.00038783
0.00078354
0.0010383
0.00040183
0.00026665
0.0003351
0.0010079
0.00051911
0.00020284
0.00027824
0.001401
0.00046771
0.00025717
0.00047705
0.00013076
0
0.00011519
0.00050971
0.00019715
0.00010763
6.5234e-05
0.00010955
0
0.00021736
0.00013642
0.00024199
0
0
0
0
0.00025776
0.0025678
0.0043624
5.1758e-05
0.00038584
0.0012711
0.00060338
0.0002465
0.00010484
4.293e-05
2.4503e-05
0
0.00010531
0.00013239
0.00014139
0.00016759
0
5.3091e-05
0.00013527
0.00010784
0.00031375
0.00010689
4.7407e-05
0
1.5551e-05
0.00051368
0.00038061
0.000383
0.00088686
0.00071181
0.00015012
0
0.00032431
0.00058489
0.00013597
0.00043198
0.00069865
0.00034547
0.00030992
0.00058071
0.00044536
0.00055426
0.00023539
0.00031928
0.00038731
0.00040718
0.00056449
0.0016065
0.00083238
0.00018198
0.00011534
0.0003647
0.00039441
0.00024549
0.00014416
0.0011431
0.0010472
0.00042163
0.00026127
0.00028169
2.5829e-05
0
0
0
0
0
0.00019758
0.00088681
0.00024369
0.00028287
0.00051021
0.00011711
9.1319e-06
0.00011008
0.0050448
0.0015934
0.00041793
0.00099253
0.00039816
0.00017042
0
0.00063394
0.00017337
0.00037682
0.00040529
0.0004054
0.00015564
0.00012187
7.6892e-05
0.00022863
0.00016616
0.00024179
0.00023964
0.00031738
0.00038405
9.5993e-05
0.00020602
0.00015845
6.1273e-05
0.00013472
0.00015011
0.00012215
8.4086e-05
4.0532e-05
0.00012868
0.0007807
0.00027207
0.00026932
0.00032886
0.00018523
0.00065017
0.00019125
0.001078
0.00081788
0.00049629
0.00030863
0.00050689
0.00046445
0.00081997
0.00018698
0.00074077
0.00090749
0.00037316
0.00041551
0
0
0
0
0
0
0
0
0.00024562
0
0.00015349
3.7541e-05
0
0
0.0012304
0.0018927
0.00075767
0.00029619
0.0009918
0.00034809
0.00029412
0.00034801
0.0024058
0.0024544
0.00041113
0.00024444
0.00026192
0.00014201
0.00015013
0.00026165
0.00055062
0.00035847
0.00059515
0.00021781
0.00054052
0.00010242
0.00013763
7.9396e-05
3.9278e-05
0.00046029
0.0010602
0.00048072
0
0
9.0481e-05
0.00054306
0.00048902
0.00063184
0.00073944
0.0002777
0.0002809
0.00018062
0.00023884
0.00062263
0.00085321
0.00053992
3.7652e-05
0.00016852
0.00034396
0.00035689
0.00091376
0.000526
0.00044315
0.00047142
0
0
0
0
0
0
0
0
0
0
0
0
0
0
0
0
0
0
9.5252e-05
4.7009e-05
0
0
0.00099522
0.0010606
0.00038204
0.00043616
0.0007927
0.00051759
0.0013382
0.0012676
0.00097661
0.0019792
0.00028085
0.00043756
0.00037147
0.00053223
0.00086941
0.00061149
0.00022427
0.00024145
0.00022025
3.0697e-05
0.00025235
0.00062993
0.00047631
0.00056985
0.00026196
0.00010423
0.00033759
0.00016882
0.00014561
0.0005792
0.00065475
0.0015433
0.00076177
0.00057023
0
0
0
0
0.00060636
0.00041016
0
0
