0.028888
0.022113
0.022822
0.052046
0.035971
0.024628
0.023126
0.043908
0.0083391
0.0097157
0.0091133
0.0056846
0.015286
0.0095341
0.0045398
0.012171
0.0083231
0.0068856
0.0022358
0.0030976
0.0039739
0.0090285
0.009645
0.010124
0.0027199
0.001708
0.0039288
0.0067629
0.0015949
0.00027545
0.00072935
0.002907
0.009506
0.0038037
0.0075442
0.036501
0.015117
0.0057903
0.0082121
0.018706
0
0
0
0
0
0
1.194e-05
0
0.00044001
0.00086977
0.002168
0.00054475
0.0050725
0.002545
0.00033665
0.00026332
0.0030442
0.0048507
0.00047853
0.0011957
0.0019334
0.0073794
0.0031972
0.00093286
0
0
0
0
0
0
0
0
0.00070882
0.00042493
0.00025358
4.6832e-05
7.4047e-05
0.0011767
0.00080006
0.00056921
0.00611
0.008421
0.0066918
0.0049129
0.0099031
0.0058124
0.0033912
0.010772
0.0016616
0.0015839
0.0014106
0.00083728
0.00059004
0.0008949
0.0060502
0.0061137
0.003022
0.00027361
0.00023619
0.0011851
0.0014658
0.00075423
0.00024735
0.0023976
5.4815e-05
0.00023983
0.00084624
0.00042007
0
0
0
0.00012575
0.0028944
0.0010714
0.0014019
0.001232
0.0014724
0.00022063
0.0006537
0.0033006
0.0017893
0.00080102
0.0015585
0.0025846
0.0023328
0.0014472
0.0025343
0.00188
0.00566
0.0018352
0.0046071
0.0095337
0.0043342
0.0029811
0.004255
0.010201
0
0
7.5514e-05
0.00017967
0
0
0
0
0.00017883
0.00035167
0.0016052
0.0046337
0.00026393
5.4815e-05
7.5646e-05
4.7413e-05
0.00080994
0.00031169
0.00024255
0.011033
0.0021345
0.00032948
0.00033014
0.0013783
0.0020036
0.0010184
0.0010987
0.013137
0.0061926
0.0010325
0.0010258
0.005823
0
0
0
0
0
0
0
0
0
0
0
0
0
0
0
0
0
0
0
0
0
0
0
0
0
0
0
0
6.8381e-05
0.00028707
0.0001303
9.4986e-05
0.00051519
4.3177e-05
0
0.00018689
0.00057346
0.00016317
0.00013317
0.00026381
0.00086947
0.0009889
0
0
0.00015704
0.00063751
0.00032205
0.00025835
0
0
0
0
0
0
0
0
0
0
0
0
0
0
0
0
0
0
0
0
0
0
0
0
0
0
0
0
0
0
0
0
0
0
0
0.00015715
0.00019859
2.2214e-05
0
0
0.00044001
0
0.0011346
0.0003876
0.0041717
0.0020108
0.0001862
0.00016833
0.0012974
0.0046884
0.0010552
0.0010088
0.0010698
0.0021693
0.0011395
0.0004107
0
0
0
0
0.00031503
0.0040827
0.0016226
0
0
0
0
0
0
0
0
0
0
0
0
0
0
0
0
0
0
0
0
0
0
0
0
0
0.00014507
7.2928e-05
0
4.6832e-05
0
0.00013722
0.0001288
0
0.0023135
0.00072756
0.00033152
0.00066829
0.00024683
0
0
0.0004252
0.00098399
0.0015443
7.9545e-05
5.0548e-05
0.0016979
0.0023822
0.0018571
0.0068212
0.0015777
0.0030884
0.002782
4.9673e-05
0
0.00096556
0.0010258
0.00027866
0
0
0
0
0
0.00029563
0.0040448
0.001349
0
0
0
0
0
0
0
0
0
0
0
0
0
0
0
0
0
0
0
0
0
0
0
0
9.5696e-05
0.00020875
0.00025358
0
0
0.00025402
0.00029919
0.00039981
0.0026712
0.0021995
0.00091345
0.0020367
0.0063507
0.0031621
0.00040939
0.0021259
0.00018438
0.0011719
0.0030791
0.0021573
0.0021337
0.00049352
0.00088883
0.00090814
0.00022678
0.00014342
0.00038406
0.00034212
0.00022323
0.00010629
0.00011905
0.00025926
6.5564e-05
0.00016015
0.00051776
0.00034536
0.00031758
8.5908e-05
0.00070118
0.0034016
0.0012661
4.4428e-05
0.00015479
0.00028375
0.00048215
0.00036105
0.00024142
0.0016551
0.0012278
0
9.3663e-06
0.00048651
0.00070101
2.3416e-05
4.6005e-05
0.0012805
0
0.00015562
0.0004116
0
0
0
0
0
0.00020139
7.6282e-05
3.0531e-05
0
0
0
0
0.00012575
0.00090357
0.00024325
0.00010275
0.0001791
0.0001791
0.00011008
0.00073805
0.0024216
0.0016677
0.0013009
0.00081915
0.00019582
0.0011791
0.00045371
0.00023498
0.00096623
0.00072022
0.00036111
0.00013395
0.0004084
9.6546e-05
0.0002108
0.00042799
0.00047951
7.4931e-05
0
7.466e-05
0.00068477
0.00030753
0.00045305
0.00045638
0.00083086
0.00071199
0.00055878
0.00040226
0.00032443
0.00054747
0.00062143
0.0008002
0.00089612
0.00060111
0.00041242
0.00084307
0.0010231
0.00047315
0.00078302
0.00028946
0.00061948
0
3.4094e-05
0
0
0
0
0
0
0
5.0114e-05
0.00040411
0.00024182
0
0
0
0
0.00040229
0.00019099
0.00025887
0.00017121
6.4409e-05
3.328e-05
4.6832e-05
0.00028226
3.5666e-05
0.00037294
0.00037147
0.00036887
4.9783e-05
7.7272e-05
0.00017163
0.00013082
0.00029201
0.00028169
0.00059248
0.00075282
0.0006527
8.7617e-05
0.00017643
0.00015765
0.00057261
0.00010899
0.00082454
0.00098396
0.00096262
0.00067647
0.00095391
0.00067475
0.001398
0.00011029
0.00086264
0.0034096
0.00056537
0.0011136
0.0012663
0.0016335
0.0018005
0.00057138
0.0020342
0.0032019
0.0024349
0.00076297
0.0015051
0.0055379
0
0
0
0
0
0
0
0
0
0
7.5514e-05
0.00026567
0
0
0
0
0
0
0.0006068
0.0016561
0
0
0
0
0.00020374
0.0002771
0.00089957
0.00095898
0.00013329
5.4815e-05
7.5646e-05
0.0001082
0.00034757
0.00015664
3.9876e-05
0.00022478
0.00031874
2.1204e-05
7.2937e-05
0.00037784
0.0007479
0.00022962
0.00015116
0.00027553
3.4094e-05
0.00023748
0.00038361
0.00089211
0.00069186
0.00044828
0.00027465
0.00052388
0.00023351
0.00027501
0.00094681
0.00089459
0.0015592
0.00034277
0.00051748
0.0018165
0.0011664
0.00036606
0.0007511
0.0034201
0
0
0
0
0
0
0
0
0
0
0
0
0
0
0
0
0
0
0
0
0
0
0
0
0
0
0.00023722
0.0017127
9.94e-05
0
0
0
0
0
0
0.0030252
0.0011542
7.0792e-05
0
0
0
0
5.1515e-05
0.0067227
0.00056152
0
0
0
0.00012478
0.00014089
2.8487e-05
0.0063309
0.0014619
9.3253e-05
0
0.00043604
0
0
0.00018924
0.0050869
0.0022777
0
0
0.00079149
