0.035334
0.032674
0.03406
0.037583
0.029676
0.030139
0.02724
0.029535
0.010433
0.0091258
0.01064
0.0052956
0.0093861
0.011641
0.010971
0.0082726
0.011142
0.011439
0.0060811
0.0073614
0.010607
0.010072
0.0068468
0.0063686
0.0070068
0.0071775
0.012265
0.011193
0.0055738
0.0058903
0.006753
0.0082713
0.0067523
0.0049316
0.0050734
0.013733
0.0041099
0.0025357
0.0026694
0.0066225
0.0010021
0.0025374
0.0043877
0.0016998
0.0017044
0.0041804
0.0046334
0.00066332
0.0007912
0.0016943
0.0020758
0.00084636
0.0027022
0.0024654
0.0013973
0.00084963
0.0031441
0.0029496
0.00072618
0.001725
0.0049689
0.0013232
0.00097418
0.0009661
0.0027964
0.0017796
0.00086873
0.00078166
0.0026649
0.0028922
0.0011077
0.00098122
0.0021641
0.0019627
0.0010148
0.00090996
0.0007999
0.0012232
0.0010201
0.0013532
0.0062918
0.0024282
0.0031619
0.0016897
0.0037036
0.0035686
0.0037984
0.0054065
0.0035958
0.0060391
0.0028001
0.0017739
0.0021707
0.0013938
0.00036436
0.000727
0.0017896
0.00066096
0.0012982
0.0025817
0.00093158
0.0041994
0.0042819
0.0035762
0.00092481
0.0017004
0.0054746
0.001401
0.00052174
0.0015168
0.0021481
0.00083149
0.0025233
0.0016541
0.00099231
0.0020887
0.0012536
0.00066291
0.0011159
0.0017104
0.0019793
0.0018814
0.0011498
0.0010015
0.0010254
0.00083407
0.00079169
0.0015459
0.0018445
0.0010394
0.00090271
0.0015836
0.0015184
0.00028717
0.00036425
0.0013404
0.0019356
0.0022285
0.002524
0.0018585
0.000988
0.0023256
0.0018899
0.0020886
0.001308
0.0016444
0.003229
0.0053617
0.0024828
0.0013219
0.0012689
0.0033045
0.0010329
0.00068485
0.0013142
0.007255
0.001181
0.00070739
0.00045578
0.0011283
0.0014956
0.0012495
0.0013148
0.0039678
0.0007053
0.00097375
0.00086754
0.0021201
8.0861e-05
0.00098249
0.001683
0.00011368
9.2528e-05
0.0011563
0.0015077
0.00022071
0.00017686
0.00032005
0.00041659
0.00031733
0.00071836
0.0007742
0.0010489
0.00013651
0.00033839
0.00052653
0.00051478
0.00034151
0.00039133
0.00093109
0.00035002
4.0505e-05
8.4514e-05
0.00053215
0.00047999
0.00025962
0.00018757
6.6834e-05
0.00030415
0.00036609
0.00011404
0.0001157
0.00048924
0.00014245
0.00023974
0.00035636
0.0008148
0.00048124
0.00038708
0.00016845
0
0.00039666
0.0020421
3.283e-05
4.6428e-05
0.00038651
0.00075336
0.00031186
0
0.00087839
0.00041038
0
0
0
0.0014347
7.738e-06
0.00032493
0.00036235
9.2339e-05
0.0011246
0.00063421
0.00030713
0.00051315
0.00095133
0.002062
0.0010968
0.00043682
0.0016172
0.001546
0.00014456
0
7.3393e-05
0.00022605
0.00014674
0.00020605
0.00063265
0.00046073
1.0382e-05
0.00032614
0.00084579
0.00094853
0.00027041
6.437e-05
3.283e-05
0.00028339
0.00018688
0
0
0
0
0.001403
0.00095838
0.00028233
9.0135e-05
4.0431e-05
0.00052821
0.00036939
0.00051584
0.0024731
0.00047147
0.00026671
0.00015169
0.001894
0.0017183
0
0
0.00038218
0.00074833
3.4778e-05
0.00011267
0.00091271
0.00044374
0
0
0.00028121
0.00046393
0
0
0.00015736
0.00086409
0.00013532
0
0.0016748
0.00083756
0.00042426
0.00018285
0.00067496
8.4443e-05
0.00027113
0.00019801
0.00023834
0.00011071
0.00012412
0.00024012
0.00080456
0.00043175
0.00014179
0.00012555
0
0
0.00032612
0.00071833
0.0010628
0.00031979
2.79e-05
0.00034172
0.0004808
0.00010868
0.00014038
0.00048521
0.0012719
0.00041844
0.00021943
0.00023911
0.0008425
0.0005217
0.0019271
0.0015859
0.00367
0.0020884
1.7303e-05
0.00013478
0.0017846
0.0015656
0.00036436
0.00082774
0
0.0037997
0.0004848
0
0
0
0
0
0.00014201
0
0.00020062
0.00029563
0.00045204
0.0027565
0.00087261
6.2386e-05
0.00048709
0.00024763
0.00066964
0.0012974
0.00033588
0.0009741
0.00069733
0.0007892
0.00037026
0.00048208
0.00034264
0.00047123
0.00035942
0.00047369
0.0003201
0.00026055
0.00042021
0.00068398
0.0002313
0.00011516
0.00034913
0.00063883
0.00022787
0.00028535
0.003743
0.0010333
0.0014183
0.0005016
0.0016319
0.0014788
0.00016967
0.00090266
0
0.00038034
0.0015242
0.00055538
0.00035027
0.0011076
0.0014498
0.0021127
0.00017411
0.00023716
0.00017369
0.00052454
0.00017533
9.5967e-05
0
8.7363e-05
0.00025486
0.000221
0.0018699
0.0009964
0
0
0
0
0.0001522
5.8829e-05
0
0.00036422
6.8951e-05
0.00015108
0.0021237
0.00058786
0.00032987
0.00024563
0.00018623
0.00013438
0
0.0002273
0.00024816
0.00061168
0.0004308
0.0011805
0.0013008
0
0.00017837
0.00069101
0.00088355
0.0001959
0.0002075
0.00014435
0.00027061
0.00017774
0.00017993
0.00024957
0.00068801
0.00042555
0.0003775
0.00012762
0
0.0018614
0.00079261
0
0.000508
0.0010531
0.0012714
0.00097794
0.0001314
0.00012599
0.00068862
0.00072713
7.8913e-05
0
0
0.00018475
0.00018854
0.00032227
6.4416e-05
1.2477e-05
0
0.00013192
0.00059868
0.00049906
0.00068525
0.00059122
0.00084293
0.00014474
0.00012802
0.0002371
0.00024902
0
0.00042773
0.001456
0.0011213
0.00014932
0.00018102
0.00050972
0.00085572
0.00032675
0.00021977
0.00022686
0.00051557
0.00012856
7.4863e-05
0.0011462
0.0002181
0.00058251
0.0017789
0.00020127
0.00017543
0.00037767
0.00042592
0.00011933
6.8412e-05
0
0.0013968
0.00090003
4.6557e-05
7.6654e-05
0.00013963
9.0705e-05
0.00033815
9.71e-05
6.9642e-05
6.381e-05
8.0412e-05
8.1141e-05
0.00041397
0.00025845
0.00048394
0.00065758
0.00071874
3.9456e-05
0
9.4497e-05
0.0003028
0.00037364
0.00055651
0.00048411
4.4987e-05
6.9211e-06
0
0.00013146
0.00015627
0.00020912
0.0005811
0.00053052
0.00032855
0.00014049
0.00033636
0.00046886
0.00029002
0.00048608
0.00025936
0.00051169
0.000377
0.0002825
0.00047928
0.0001644
0.00014124
0.00054011
0.00047608
0.0001952
7.3852e-05
0.00010828
0
0
4.4317e-05
8.3999e-05
0.00063731
0.0007969
0.00080039
0.00053918
9.1033e-05
0.00017841
0.00015783
0.00014046
0.00049332
0.00023843
0.00075197
0.00080351
0.0001606
0.00075304
0.00037743
0.00013888
0.00017386
0.00015435
0.00043879
0.0018922
0.00065546
0.00013252
0.0001717
0.00035238
0.00013006
0.00018217
0.00023987
0.00068698
0.00028875
0
0
1.4268e-05
0.00073984
0.00039796
0.00047527
0.00064426
0.00010184
4.4987e-05
9.6664e-05
8.6605e-05
0.00045481
0.00012502
0.00021208
0.00015255
6.6114e-05
0.00011377
0.00027384
0.0011087
0.00056796
0.0004017
0.00014481
0
0
0.00016963
0.00022013
0.00060245
0.00076161
0.00049233
9.8489e-05
0.00017582
0.00039402
0.00019566
0.00032705
0.0010158
0.00039885
0.00064438
0.00092912
0.00017842
0.00035729
0.00016249
0.00024632
0.0007755
0.00020378
0.00027855
0.00062117
0.00030027
0.00020236
0.00093953
0.00054269
0.00067389
0.00026431
0.0006649
0.0010401
0.00066687
0.0005875
0.00095733
0.0008067
0.001398
0.00047072
0.00045021
0.00093403
0.0018627
0.00057016
9.2059e-05
0.00021048
0.0012977
0
8.4577e-05
0.00024592
0.0020822
0.00072246
5.7282e-05
0
0.0001646
6.381e-05
5.7073e-05
0.00045985
0.0038435
0.00031053
0.00016493
0
0.00034967
0
1.8636e-05
4.7113e-05
0.0011426
0
0.00010266
3.9685e-05
0
0.00016845
0.00042959
0.00050844
0.00029382
8.8153e-05
0.0001432
0.00024018
0.00022775
