0.04467
0.015941
0.016674
0.06079
0.033787
0.017038
0.019451
0.044095
0.012477
0.0046394
0.0023801
0.003897
0.0084372
0.0051406
0.0025676
0.0071297
0.016226
0.0037445
0.0039331
0.011061
0.014432
0.0065145
0.0058703
0.010157
0.0034551
0.002307
0.0046967
0.013245
0.00055944
0.0024828
0.0036587
0.0027697
0.012512
0.0052503
0.0056637
0.032587
0.010358
0.0029005
0.007354
0.024038
0
0
0
0
0
0
0
0
0.0014558
0.00039091
0
0
0.00037495
0.00015644
0.00045584
0.00045577
0.0054529
0.0020391
0.0008188
0.00041236
0.0029431
0.00063592
0.00012668
0.00048721
0.0021034
0
0
6.1164e-05
0
0.0028204
0.0016402
0.00023517
0.0026483
0.0024206
0.00046249
0.0010302
0.0013924
0.00094572
0.00041734
0.00083989
0.0078418
0.0015899
0.0017975
0.0026942
0.0059839
0.0040385
0.0015876
0.0057892
0.0033421
0.00072868
0.0021464
0.0051201
0.0051785
0.0017114
0.0012257
0.001743
0.0051374
0.00089024
0.0010197
0.0056396
0.0058552
0.0011674
0.0028974
0.0073977
0.0010208
0.00065659
0.0029005
0.0021993
0
0
0
0.00030562
0.0024301
0.0018491
0.0011342
0.0024362
0.00080095
0.002354
0.0035458
0.0022702
0.0073153
0.0033927
0.0035177
0.0054654
0.0048751
0.0010749
0.0028452
0.013705
0.0040667
0.0017862
0.0016092
0.0019305
0.0045716
0.0015237
0.0033921
0.0069054
0
0
0
0
0
0
0
0
0
0
0.00063129
0.0082772
0
0
0
0
0.00037247
3.6713e-05
0.00033982
0.012291
0.00040714
0
6.024e-05
0.00068154
0.0013172
0.00010903
0.00029597
0.012822
0.0011941
0.00031574
0.0010288
0.0029078
0
0
0
0
0
0
0
0
0
0
0
0
0
0
0
0
0
0
0
0
0
0
0
0
0
0
0
0
0
0
0
0
0
0
0
0
0
0
0
0
0.00042357
0
0
0
0
0
0
0
0.002239
0.00029173
0
6.1164e-05
0
0.00058306
0
0.00023517
0
0
0
0
0
0
0
0
0
0
0
0
0
0
0
0
0
0
0
0
0
0
0
0
0.0001324
0
0
0
0
0
0
2.5801e-05
0.0010552
5.5753e-05
0
0
0.00011614
0.00015644
0.00045584
0.00023126
0.0025466
0.00064052
0
0
0.0023778
0.00045966
0
8.913e-05
0.0022397
0.001293
0.0006288
0.00041236
0.00076616
0.00017626
0
0.00039808
2.8341e-05
3.5261e-05
0
0
0
0.0022374
0.0014514
0
0
0
0
0
0
0
0
0
0
0
0
0
0
0
0
0
0.00057823
0.00013637
0
0
0.00066537
0.00024656
0
0.00017009
0.0027977
0
0.00018057
0.00017617
0.0010611
0.00015094
0
0.0016714
0.0014162
0.00037293
0.00030345
0.00033407
0.0030304
0.00031312
0.00010288
0.00072805
0.0011725
0.00019094
0.00026722
0.0001809
0.0025959
0.00071982
0.00040966
0.0004285
0.00096696
0.00021862
0.0014194
0.0021938
0.0013983
0.00023223
0.00032727
0.00049907
9.9651e-05
0.00016734
0.00067295
0.0036108
0.0012825
5.0633e-05
0.0024747
0.0014268
0
0
0
0
0
0
0
0.00065608
0
0.00028328
0.00016934
0
0
0
0
0
0.0015006
0.002001
0.00014083
0.00091241
0.000727
0.00031757
0.00034369
0.00036677
0.0020586
0.00034281
0.00072582
0.001477
0.0012188
0.0013259
0.0011974
0.0026751
0.0016158
0.00066648
0.00052622
0.00023848
0
0.0022478
0.00021828
0.00046213
0.00040697
0.00014954
0.0001252
0.00051508
0.00048132
0.00063876
0.00042871
0.00042055
0.00068228
0.00031075
0.0001878
0.00067454
0.00081722
0.00012053
0.00023047
0.00019734
0.0029526
0.00043489
0.00036023
0.0010587
0.0023051
0.00062943
0.00013999
0.001868
0.0017312
0.00029976
6.4858e-05
0.0022249
0.0023233
0.00038409
0.00047151
0.0027339
0
0.00015396
0.00039436
0
0
0
0
0
0.0011483
0.00050263
0.00072156
0.00018169
0
0
0
0.00049098
0.00096277
0.00019228
8.4961e-05
0.00013412
0.00030925
0.0014609
0.00052993
0.00045054
0.00077665
0.00082596
0.00023083
0.00032481
0.0006956
0.00076002
0.0003642
0.00054746
0.00092519
0.0011361
0.00052576
0.00054919
0.00098284
0.00055721
0.00043091
0.0012239
0.00099361
0.0012354
0.00078277
0.0022478
0.00074239
0
0.00061064
0.0019629
0.0013805
0.0005982
0.00018105
0.00049046
0.0017644
0.00026993
0.00046408
0.0015295
0.0016398
0.00037533
0.00011981
0.00018677
0.0016292
0.00020061
0.00019594
0.0014621
0
0
0
0
0
0
0
0
0
0
0.0019134
0.0017102
0
0
0
0
4.6735e-05
0
9.688e-05
0.0011962
0
0.00019844
0.0012607
0.00016721
0.0006504
0.00074227
0.00039723
0.00056468
0
0.0001727
0.0012713
0.00090402
0.001989
0.0007932
0.0011052
0.00058152
0.00087413
0.00028523
0.00077077
0.0038987
0.0024246
0.00030913
0.0013843
0.0019142
0.0015769
0.00037673
0.00076605
0.0060801
0.0020656
0.00024773
0.00083275
0.00084535
0.00076532
0.00036955
0.0012983
0.0023736
0.00028027
0.00037958
0.00038564
0.0003624
0.0010918
0.0007062
0.00087752
0.0015483
0
0
0
0
0
0
0
0
0
0
0
0
0
0
0
0
0
0
0.00063446
0.0033215
0
0
0
0
3.7602e-05
4.4627e-05
0.00019265
0.0049788
0
0
3.3583e-05
4.6261e-05
0.0002226
0
0
0.0038875
0
0
9.1088e-05
0.00026831
0.00018304
9.2466e-05
0.00013405
0.00023109
3.7821e-05
0
3.4869e-05
0.00047131
0.00072749
0.00016514
0.00021044
0
0
0
0.00077163
0.0010724
0.00075436
0.00010903
4.4811e-05
0.00043102
0.00018157
0.00031946
0.0011181
0.0014535
0
0
0
0
0
0
0
0
0
0
0
0
0
0
0
0
0
0
0
0
0
0
0
0
0
0
0
0
0
0
0
0
0
0
0.00020577
0.0016591
0
0
0
0
0
0
0
0.0060613
0.00036932
0
0
0
0
0
0
0.007044
0
0
0
0
0
0
0.00024326
0.0048599
0.00084557
0
0
0.00024233
