0.027195
0.02005
0.025514
0.045821
0.029327
0.019981
0.028266
0.060891
0.009614
0.0046578
0.006604
0.0097526
0.0090681
0.0072955
0.0070663
0.0094401
0.0073868
0.0071761
0.007943
0.010016
0.0074206
0.0050114
0.0071234
0.010877
0.0094236
0.0066227
0.0068443
0.010449
0.010031
0.0063214
0.010442
0.018002
0.00077097
0.0015937
0.0041228
0.015604
0.0028069
0.0013532
0.0036342
0.022572
0.0039893
0.0019383
0.0022279
0.0037743
0.0041806
0.0032333
0.002532
0.0029314
0.0037312
0.0011091
0.0023338
0.0029663
0.0028855
0.00099631
0.0019758
0.0030691
0.0015976
0.0011277
0.0029052
0.003713
0.0012769
0.0013362
0.0021974
0.003373
0.0042887
0.0049659
0.0027259
0.0020391
0.0035331
0.0022263
0.0029479
0.0042207
0.0012505
0.0012567
0.0011697
0.0019873
0.0016496
0.0022489
0.0021698
0.0031106
0.0005847
0.00026819
0.00064316
0.00069002
0.00023299
0.00044405
0.00016745
0.00026638
0.00035499
0.00013825
0.00018561
0.00066736
0.00074297
0.00031017
0.00015381
0.0004107
0.0010884
0.00087594
0.0020896
0.0031693
0.0016699
0.0010222
0.0013839
0.0028725
0.003524
0.0019617
0.0013485
0.0029438
0.0023883
0.0021975
0.0046214
0.0036992
0
0
0.00062239
0.0014435
0.0001999
0.00062187
0.00062352
0.0019826
3.6124e-05
0.0001955
0.00094252
0.0034034
0.00040032
0.00015365
0.00031133
0.00064568
0.00017128
0.000391
0.00077889
0.0054215
0.0010704
0.00045064
0.0010223
0.0031511
0.0043801
0.0026671
0.0029475
0.0034766
0.0047768
0.0019185
0.0018517
0.0042117
0.0015778
0.0018764
0.0018744
0.002848
0.0026037
0.0014942
0.0031968
0.0077321
0.00049031
0.00079262
0.00061123
0.0018679
0.00038472
0.00076783
0.0010325
0.009603
7.3252e-05
0.00021461
0.0010448
0.0047941
0.00045376
0.00029362
0.0011561
0.0082402
0.00098267
0.0003382
0.00043874
0.00065284
0.0017664
0.0002045
0.00045007
0.0010192
0.00052131
0.00025076
0.00036174
0.0006851
0.00031708
0.00038983
0.0001947
0.00062014
0
0
4.4623e-05
0.00074456
0.00044086
0.00044557
0.00049329
0.00042898
0.00039687
0.00033014
0.0014431
0.0010711
0.00073511
7.3022e-05
0.00089538
0.00077367
0.00059338
0.000285
0.0011051
0.0010475
0.00085426
0.00047742
0.0004802
0.00092181
0.00018015
0.00021798
0.00078959
0.00078396
7.4567e-05
0
0.00082416
0.00046396
0.00033679
0.00029317
0.00016856
0.00017344
0.00053844
0.00065501
0.00035734
0.0012371
0.00040765
0.0010081
0.000201
0.0001051
0.00028217
0.00089741
0.00086052
0.0012746
0.0013951
0.0010942
0.00053483
0.00086828
0.0011471
0.0015018
0.00081981
0.00028176
0.0010902
0.00015369
0.0008023
0.0013389
0.00059492
0.00080484
0.0010674
0.00081049
0.00137
0.00014053
0.00057983
0.00069807
0.00069808
0.00036452
0.00037769
0.0015168
0.0019286
0.00063845
9.4449e-05
0.00040876
0.0010234
0.00011321
0.00016762
0.00054952
0.00031622
0.0002975
0.00028652
0.00022478
5.3604e-05
0.00033993
9.6794e-05
0.00020438
0.00016787
0.00011136
0.00083303
0.0014456
0.0001105
0.00016093
0.00048277
0.0012562
0.0021027
0.00087614
0.00027867
0.0004828
0.0017226
0.00036874
0.00049138
0.001025
0.001616
0.0016686
0.00039104
0.0011799
0.0011954
0.00050534
0.00097021
0.0010699
0.00074807
0.0005169
0.00074127
0.0012129
0.0011564
0.00070012
0.00060285
0.00099067
0.00019107
0.00022055
9.0272e-05
7.06e-05
0.00046785
0.00048962
9.9937e-05
0.0013946
0
0
0
0
0
0
0
0
0
2.7449e-05
7.4069e-05
0
0
0
0
0
3.3166e-05
6.8879e-05
0
7.583e-05
0.00010096
0.00020405
5.9841e-05
3.3707e-05
0.00010527
0.00013825
0.00024832
0.00016323
0.00033321
0.00011538
0.00015168
0.00026038
0.0006832
0.00037798
0.00062372
0.0020383
0.0012372
0.00019814
0.00033877
0.0009335
0.0003769
0.00044836
0.0012226
0.0013459
0.00061836
0.00052291
0.00094904
0.0017213
0.00025851
0.00043162
0.00027941
0.00075109
2.826e-05
0.001229
0.0012154
0.00054492
0
0
2.4117e-05
0.00011679
0.00020844
5.8339e-05
0
0
8.6162e-05
0.00014694
0.00042287
9.2275e-05
0
0
0
0
0.00046537
9.9563e-05
0.00021831
0.00054282
0.00012155
0.00041801
0.00016745
0.00023267
0
0
0
9.2314e-05
0.00015204
0
0
0
0
0
0
0
0
0
0
0
0
0
0
0
0
0
0
0
7.0837e-05
0.00021499
0
6.252e-05
3.6826e-05
0.00033561
6.9894e-05
8.1352e-05
0.00081511
0.0004122
0.00027313
0.0008438
0.001005
0.001044
0.0011047
0.00079092
0
0
0
0
0
0
0.00083156
6.9136e-05
0
0
0.00034066
0.00039595
0
0
0
0
0
0
8.4636e-05
0.00014758
7.521e-05
0.00050259
0.00023872
0
0
2.783e-05
9.3844e-05
0.00035495
2.695e-05
0
0
5.4897e-05
3.6124e-05
5.8239e-05
0.00031917
0.00073027
0.0001178
0
0
0
0
0
0
0.00042825
0.00031686
8.7592e-05
0
0
0
4.1736e-05
3.9281e-05
0.00037418
8.9296e-05
1.6469e-05
9.0713e-05
0
0.0008355
0.0015274
0.00089021
0.00095162
0.00029303
0.00075522
0.000639
0.00057638
0.00065227
1.9175e-05
0.00023799
0.00040061
0.00034888
0.00013445
0.0019974
0.0019731
0
0
0.00011258
3.4195e-05
0
0
0.00020897
0.00093557
0
0
8.4513e-05
0.00078245
0.00013198
0
0
0
0
0
4.2381e-05
0.00051229
9.481e-05
0.0002686
4.2274e-05
0
0
0.00010943
0.00023502
0.0015934
0.00014601
0
5.7306e-05
0.0004151
4.1808e-05
0.00015368
0.00060786
0.0013236
0.00031038
0.00015424
0.0004706
0.00093882
5.244e-05
6.3397e-05
0.00015756
0.0015204
0.00015632
0.00019234
0.00064573
0.0011282
0.00086161
0.00071871
0.00073618
0.00040969
0.00068956
0.00057856
0.00076747
0.00096033
0.0016957
0.00077184
0.00033451
0.001249
0.0020538
0.00061868
0.00039364
0.00052098
0.0003638
8.9241e-05
3.201e-05
0.001019
0.00040291
4.5568e-05
0.00056564
0.0032155
0
0
0
0
0
3.303e-05
0.0011187
0.0028559
0
0
0.00016772
6.4376e-05
4.17e-05
3.0368e-05
0
0
0
3.3707e-05
0.00030768
0.001139
2.9563e-05
0.0001677
0.00026622
0.00023058
2.4366e-05
0
0.000139
0.0017856
0.00029437
6.2209e-05
9.5153e-05
0.00020807
4.8886e-05
0
0.00021606
0.0025463
0.00017327
6.2109e-05
0.0003241
0.0017583
0.00056086
0.000101
0.00096935
0.0011277
0.0013731
0.00019718
0.00016515
0.00080718
0.0016278
0.00093815
0.00069868
0.00098881
0.00071293
0.0006504
0.00061678
0.0019206
0.00060731
0.00052789
0.00084893
0.0013498
0.00052408
0.00047738
0.00073026
0.0014158
0.00059166
0.00075972
0.00084481
0.00065812
0.0012698
0.00071979
0.0008841
0.000841
0.00033529
0.00031637
4.0527e-05
0.00024856
0.0004237
0.00034729
0.00012278
0.0044425
0.00015502
0
0
0
0
0.00010267
0.00016844
0.0044069
0
0
7.7345e-05
0.00056893
0
0
0.00013951
0.0048359
0
0.00016076
0.00037979
0.00075459
0
3.695e-05
0.00022243
0.00044761
