0.039191
0.021502
0.018212
0.052631
0.041181
0.021606
0.01645
0.041914
0.0083655
0.0076834
0.0037516
0.0057806
0.013654
0.0057343
0.0055723
0.0094415
0.010613
0.0082235
0.0062376
0.0059508
0.007726
0.0095129
0.0031072
0.0083026
0.011142
0.0023822
0.0051441
0.017431
0.011657
0.0018153
0.0024614
0.01181
0.0090698
0.003213
0.0030783
0.023468
0.0081448
0.0045433
0.0053096
0.01236
0.0008027
0
0
0.0012285
0.0013856
0
0
0.0012928
0.00063091
0.0020869
0.0007105
0.00067121
0.006243
0.0026986
0.00029032
0.0010121
0.0018942
0.0046966
0.0012933
0.001067
0.0011193
0.0058079
0.001062
0.0011047
0.0011043
8.9962e-05
0.0020634
0.0025516
0.00036786
0
0
0.0016413
0.002133
0.0013677
0.00024014
0.0021139
0.0012726
0.0011925
0.00020171
0.0010302
0.0030381
0.003905
0.002557
0.001767
0.0044957
0.0018432
0.004573
0.0061063
0.002734
0.0007135
0.00046111
0.00101
0.0031349
0.00064286
0.0011825
0.0032228
0.0050278
0.0020042
0.0015952
0.0012383
0.0033609
0.0029787
0.00086265
0.0023338
0.0064314
0.00088999
0.0034439
0.0036358
0.0047524
0.00060644
0.00051328
0.0040362
0.0028622
0.0017631
0.0011779
0.0031613
0.003077
0.0012088
0.0024554
0.0022577
0.004007
0.00084677
0.0010509
0.0020149
0.0039515
0.0015104
0.0026365
0.0026992
0.0027904
0.0013955
0.0012825
0.005977
0.0034173
0.00082914
0.0012691
0.0041022
0.0011736
0
0
0.0040473
0.0011933
0
0
0.0032438
0.0020087
0
0.00069588
0.0064792
0.002519
0
0
0.0021194
0.0014316
0.00079168
0.00061106
0.0077298
0.00032123
0.0016569
0.00010102
0.0029639
0.001042
0.00010835
0.00020421
0.0077254
0.00042283
0.00049874
0.0012409
0.0025917
0
0
0
0
0
0
0
0
0
0
0
0
0
0
0
0
0
0
0
0
0
0
0
0
0
0
0
0
0
0
0
0
0.00094634
8.6419e-05
0
0
0
0
0
0
8.041e-05
0.0012888
0.00018678
0
0
0.0016274
0.00057778
0.00016946
0
0
0
0
0
0
0
0
0
0
0.00076668
0
0
0
0
0
0
0
0
0.00068993
0.0006297
0
0
0.00097582
0.0008027
0
0
0.00053852
0.00067577
0
0
0.00024799
0.00028311
0
0
0.00067121
0.0007388
0.0013105
0
0.00092343
0.00013472
0.0017343
0.0007105
0
0.0052687
0.001388
0
0.00015771
0.00078817
0.0032204
0.0011065
0.00011743
0.001158
0.00094765
0.00037339
0
0.00029235
0.00014951
0
0.00069799
0.00027689
0.0030751
0
0.00067223
0.00038723
0
0
0.0014945
0
0
0
0.0010566
0.00066583
0
0
0.0010356
0.00036786
0
0
0.00084766
0.00064401
0
0
0
0
0
0
0.00038944
0
0
0
4.6372e-05
0.00027722
0.00052318
3.8873e-05
0
0.00055629
0.00047134
0
0
0
4.1454e-05
0.0013543
0
0.00086767
0.001868
7.3321e-05
0.0003099
0.00081749
0.00080935
0.0011302
0.002034
0.0010531
0.00098431
0.00047256
0.00028786
0.00069446
0.00045857
0.00011061
0
0.00022883
0
0
0.00062162
0.0013479
0
0.001017
0.0023745
0.0033677
0
0
0.00013825
0.0018796
0
0
0
0.00083105
0.00081447
0.00058634
0.00038975
0.00078349
0.0015585
0.00043685
0.00067873
0.00092392
0
0
0.0020675
0.00078791
0.0003098
0.00013049
0.00056199
0.00039028
0.00069547
0.00024014
0
9.9107e-05
0.00021268
3.2344e-05
4.2617e-05
0.00089344
0.00064234
2.903e-05
0.0010361
0.002928
0
0.0008164
0.0031712
0.00052948
0.00046475
0.0015067
0.00042103
0.00042248
0.00086393
4.2103e-05
0.00046264
0.00011572
0
4.3126e-05
0.00010051
0.00035243
0.00029636
0.00016575
0.00011498
0
0
0
0
0.00061326
8.6922e-05
0
0.00036004
0.0005805
0.00016629
0.00022849
8.0138e-05
0
0
0
0
0.0010718
0.00067831
0.00059777
0.00053733
0.00093907
0.00091766
0.0004258
0.0016236
0.0027671
0.00063831
0.0010301
0.0010075
0.0030791
0
0
0.00047672
3.9796e-05
0.00068583
0.0021776
0.00042081
0.00010835
0.00073627
0.00047876
0.00089143
0.0023534
0.00069781
0.00091168
0.0032698
0.003077
0.0006774
0.0015183
0.0011116
0.00042747
0.0009092
0.00063226
0
0
0.00053143
0.0020037
0.00016333
0.00021135
0.00019128
0.00050448
0.00033951
0.00033469
0.001026
0.00068077
6.3897e-05
0.0013404
0.00038192
0
0.00090126
0.0026716
8.104e-05
0.00056073
0.00044928
0.0014376
0.0005917
0.00044486
0.0032888
0.0027337
0.00023088
0.00020567
0.0004708
0.00054061
0.00011105
0.00021336
0.0020575
0.00037945
0.00056534
0.00020071
0.00069152
0.0025613
0
0
0.0016567
0.0011756
0
0
0.0025249
0.0011031
0.00012752
0.00020549
0.00031052
0.00049777
0
0
0.00017932
0
0.00016253
0.00043162
0
0
0
0.00022308
0.00090339
0.00012481
0.00039721
2.6953e-05
0
0
0
0.00026526
0.00028599
0.00088133
0.00012933
0
0
0
0.00012757
0.00082572
0.00047053
0.0010347
0.00026733
0.0005333
0.00049769
0.00088212
0.00027838
0.00031863
0.0016102
0.00078147
0.00036986
0
0
0.00010532
0.00015964
0.00059671
0.0025973
0.00046702
0.00032286
0.00072347
0.00074866
0
0
0.00032435
0.00072767
0
0
0
0
0
0
0
0
0
0
3.0732e-05
0
0
0
0
0
0
0
0.00062041
0.0015094
3.8873e-05
0
0
0
8.0363e-05
0
7.547e-05
0.0016806
5.3907e-05
0
0
0.00013393
0.00068519
7.5662e-05
0
0
0
0
7.1921e-05
0.0001274
0
0
0
0
6.3096e-05
0.0002476
0.00010102
0.00042654
0.00039453
0
0.00015196
0.00040293
0.00022635
0
0.00027511
0.00054288
0.00017982
0
0
7.2824e-05
9.0784e-05
0.00028156
0.00056508
0.00036977
0.00048126
0
0
0.0020287
0.00067747
0
0
0.0016429
0.0005815
0
0
0.0018621
0.00051581
0
0
0.001601
0.00083554
0
0
0.0011896
0.0015804
0
0
0.0010063
0.0011383
0
0
0.0018732
0.00084578
0
0
0.00096438
0.00072592
0.00024014
0.00061106
0.0036083
0.00032123
0.0010099
0
0.0014005
0.00085138
0
0
0.0038926
0
0
0
0.0010703
0.00020658
0
0
0.0039471
0
6.8612e-05
0
0.00049856
0.00026103
0.00010835
9.0364e-05
0.0032928
0.00020038
2.775e-05
0.00028587
0.0010791
