0.029789
0.02086
0.034155
0.052705
0.014399
0.023585
0.034356
0.044992
0.015153
0.010695
0.0064071
0.0032876
0.0051141
0.0055306
0.0058207
0.006102
0.0096561
0.0048621
0.0024351
0.0024013
0.0032476
0.010789
0.0065169
0.022014
0.00061692
0.00087926
0.005604
0.010499
0.0006252
0.0011888
0.0014967
0.00046018
0.0043623
0.0044239
0.019709
0.036517
0.0054121
0.0060762
0.020522
0.016416
0
0
0
0
0
0
0
0
0.003508
0.0012007
0.0013437
0.00033716
0.0015493
0.00018168
0.0010079
0.00089548
0.0084824
0.0036889
0.00081291
0.0011958
0.0024915
0.010334
0.0019063
0.0015115
0
0
0
0
0
0
0
0
0.0044751
0.0047314
0.0024259
0
0.00055458
0.00060261
0.00024334
0.0003106
0.0070537
0.0043774
0.0023484
0.0029504
0.0030102
0.0045083
0.0045054
0.0047969
0.00095934
0.0012992
0.0010487
0.0002481
0.00068233
9.5337e-05
0.0044937
0.0050836
0.00012752
0.00017741
0.00046529
0.00095739
4.2046e-05
0.00030838
3.3563e-05
0.014957
7.4082e-05
0.0001357
0.0033744
0.001736
0.00014545
0.00026778
0
9.2431e-06
0.00062111
0.00076649
0.0017358
0.0024424
0.00044603
0.001159
0.0015608
0.00054998
0.0017699
0.0013792
0.0057883
0.0068196
0.0025611
0.0023361
0.0056923
0.0051232
0.0011126
0.0013003
0.0050242
0.0044075
0.0010015
0.0019814
0.0051531
0.0037087
0
0
0
0
0
0
0
0
0
0
0.00074147
0.0060149
0
0
0
0
0.00052238
0.00039601
0.0035576
0.013196
0.00048153
0.00034177
0.003635
0.0023892
0.0010824
0.0014075
0.0049081
0.010869
0.0013214
0.0013758
0.0056895
0.0049087
0
0
0
0
0
0
0
0
0
0
0
0
0
0
0
0
0
0
0
0
0
0
0
0
0
0
0
0
0
0
0
0
0.0027132
0.00023997
0
0
0
0
0
0
0.002566
0
0.00012572
5.0497e-05
0.00018102
0.0017631
0
0.00075387
0
0
0
0
0
0
0
0
0
0
0
0
0
0
0
0
0
0
0
0
0
0
0
0
0
0
0
0
0
0
0
0
0.0016293
0
0
0
0
0
0.00046318
0.00014183
0.00044456
0.0012007
0.0010162
0.00033716
0.0015493
0.00018168
0
0.00075365
0.00319
0.0030972
0.00051313
0.0010373
0.0015297
0.0024924
0.0004986
0.00065135
0.00045928
0
0.00017406
0.00010807
0.0007088
0.006078
0.00093838
0.00010623
0
0
0
0
0
0
0
0
0
0
0
0
0
0
0
0
0
0.00042067
0
0
0
0
0
0
0.0034703
0.0015311
0
0
0
0
0
5.8515e-05
0.0026878
0.00021428
0.00019519
0
0
1.2818e-05
0
0.00015157
0.00087913
0.0022726
0.00069807
0.00051453
0.00011192
0.0011422
0.0036055
0.002775
0.00077008
0.0012157
0.00037933
2.114e-05
0.0006982
9.5337e-05
0.0004378
0.00023064
5.0622e-05
3.5078e-05
0.00022681
5.6283e-05
0
0
0.0042079
0.0040382
0
0
0
0
0
0
0
0.00065659
0
0
0
0
0
0
0
0
0.00014935
0.0018873
0.0013869
0
0
0
0
0
0.00034713
0.00063758
0.00054968
0
0
0.00052503
0.00024334
0.00025209
0.0032382
0.00090338
0.00091326
0.0017489
0.0027897
0.00099156
0.00057177
0.00082138
7.987e-05
0.00052981
0.00076763
0.00033951
0.00048654
0.0018039
0.00087281
0.00039867
6.1637e-05
0.00017729
0.00014436
0
3.7326e-05
0
2.3635e-05
3.5982e-05
0
0.00022884
0.00035695
0.00014775
1.3072e-05
0
0
4.8708e-05
2.5764e-05
0.00013376
0.00028735
0.00042149
1.3805e-05
4.1732e-05
0.00026839
0.0064976
0
2.0022e-05
5.1642e-05
0.00044942
4.2046e-05
0.00024829
9.2431e-06
0.0069253
0
0.00025202
0.0010772
0
0
0
0
0
7.4082e-05
0.00013841
0.001149
0.00032489
0.00031397
0.00034537
0
9.2431e-06
0.0016956
0
0.00076984
0.00059852
0.00038593
0.0010747
0.00039912
0.0007379
0.00044207
0.0008365
0.00051262
0.00030395
3.087e-05
0.00045817
0.00072575
0.00035558
0.00033296
0.00058067
0.00035701
0.00049433
5.4226e-05
0.00014322
0.000336
0.00022702
0.00038013
0.00032904
0.00063969
0.00035884
0.00051241
0.00062222
0.00042599
0.00075874
0.00014989
0.00021076
0.00073969
0.00082624
0.00034411
0.00019949
0.00062536
0.00035673
0.00032521
0.00023272
0.0011416
0.00070186
3.2629e-05
0.00031269
0.00057384
0.00032839
0
0
0
0
0
0
0
0
0
0
0.0012048
0.0013825
0
0
0
0
0
0
0.00015822
0.00084497
0
0
0
0
0.00010876
0.00027893
0.0003568
0.00046434
2.9229e-05
0.00018398
0.00043594
5.9799e-05
0.00042487
0.00027707
0.00044624
0.0024549
0.00020349
5.6457e-05
0.0023514
0.0019988
0.00039625
0.00026131
0.0024407
0.0020545
0.0012014
0.001025
0.0014097
0.00081609
0.00071576
0.00022184
0.00070194
0.0009187
0.00018632
0.00035711
0.0011753
0.0013638
9.0164e-05
0.00032561
0.0016065
0.0012147
0.00028943
0.00055563
0.0017003
0.001287
0
0
0
0
0
0
0
0
0
0
0
0
0
0
0
0
0
0
0.00067649
0.0015824
0
0
0
0
0
0
0.00020303
0.0042787
0
0
0
0
0
0
0.0003322
0.00088041
4.727e-05
7.9512e-05
0.00031207
0.0001642
0.00051058
0.00039601
0.0036055
0.0023201
0.00072394
0.0003181
0.0033328
0.0027756
0.00046253
0.00049458
0.0010405
0.0010872
0.0003879
0.00044936
0.00097615
0.0016611
0.00019148
0.00033082
0.001595
0.0017622
4.6216e-05
0.00051702
0.002147
0.0013989
0
0
0
0
0
0
0
0
0
0
0
0
0
0
0
0
0
0
0
0
0
0
0
0
0
0
0
0
0
0
0
0
0
0
0.00056757
0.0042292
0
0
0
0
5.7323e-06
0
0.00061095
0.0063792
0.0001554
0.00011474
0.00056207
0.00039961
0.00011409
0.00018849
0.0010209
0.0049043
0.00026522
0.00013146
0.00062898
0.00055887
0.00060603
0.00045262
0.0012169
0.0012707
0.00062002
0.00045496
0.0013155
0.0009132
