0.014428
0.020185
0.023334
0.028624
0.050495
0.039624
0.029142
0.048233
0.0073229
0.0077671
0.0055501
0.0039617
0.026001
0.02073
0.003078
0.0039953
0.0039498
0.0081748
0.0065677
0.0081014
0.01167
0.0069161
0.0025417
0.0015797
0.00058518
0.0016544
0.0039684
0.006856
0.0047873
0.0057751
0.01944
0.021943
0.0025698
0.002589
0.0072476
0.009705
0.0080361
0.0062029
0.0040821
0.020715
0.00031716
0.00025782
8.3416e-06
0.00033319
0.0010274
0.0019514
0.0015369
0.00080154
0.0011907
0.0016167
0.0019904
0.0016797
0.0063044
0.0036066
0.00032289
0.00067358
0.0035721
0.0055045
0.00059824
0.0010074
0.0098581
0.0037085
0.00077752
0.0005237
0
0.00020488
0
0.00012411
0.00018059
0
0
0
1.1797e-05
0
4.1708e-05
6.7252e-05
0.0080347
0.012984
6.68e-05
3.7305e-06
0.005647
0.0056404
0.0033778
0.0011337
0.0096233
0.0014261
0.0011515
0.0025165
0.00053387
0.0027176
0.005425
0.0050192
0.0017795
0.003162
0.0017642
0.0010561
0
0
0.00050198
0.0017646
0.0003467
4.5553e-05
0
0
0
0
0
7.261e-05
0.00030682
0.0028051
0.015512
0.0036946
0.00017308
0.0010328
0.002671
0.0050034
0.0024525
0.00053008
0.0004639
0
0.00065957
0.0019547
0.0024204
0.0025463
0.0019158
0.0012957
0.00044485
7.9248e-05
0.0001778
0.00029222
0.0022917
0.0045304
0.0026228
0.0022158
0.0015189
0.00089793
0.00030825
0.00029594
0.00089455
0.001586
0.0015133
0.0023502
0.002121
0.0017542
5.0049e-05
0.00012284
0.00034002
0.0003454
0.00053127
0.00054142
0.0012646
0.016061
0.00087317
0.0001939
0.00091998
0.00075031
0.0013397
0.00094145
0.00053529
0.012147
0.00085924
0.00035102
0.0016714
0.0020546
0.0019546
0.0017947
0.00099193
0.0079192
9.0766e-05
0.00016767
0
2.2383e-05
0.00049286
0.00046302
0.00043018
7.9869e-05
0.00012784
0
8.3416e-06
0.00022797
0.00026468
0.00098298
0.00048984
0.00052757
0
3.0762e-05
2.0089e-05
0.00010318
0.00012783
0
5.2757e-05
0
0.00016551
0.00070931
0.0010473
0.00042379
9.2922e-05
7.4609e-06
0
0
0
0
0
0
0.0036608
0.00072052
0
0
0.0009607
0.00057051
0
0.00097736
0.0028694
0
0
0.00032301
0
0
0
0
0
0
0
0
0
0.00020488
0
3.4393e-05
3.7491e-05
0
0
0
0
0
0
0
0
0
0
0
9.8557e-05
9.0151e-05
0
8.283e-05
0.00026984
0.00044944
0.00056413
0.00019409
0.00059738
0.00031002
9.2362e-05
0.00020185
0
0.00018714
0.00032289
0.00050245
0.00029529
0.00056659
0.00067477
0.00095083
0.0044492
0.0028627
0
0.00017112
0.0022687
0.0039933
0
3.0076e-05
0.0038622
0.0035373
0.00077752
9.5108e-05
0.00039008
0.00094068
0.00043887
0
0
0
0
0.00010558
0
0
0
0
0
0
0
0
0
0
0
0
0
0
0
0
0
0
0
0
0
0
0
0
1.1797e-05
0
4.1708e-05
6.7252e-05
0.0057308
0.0017079
6.68e-05
3.7305e-06
0.00025531
0.00055505
0.00042083
0.0001204
0.0095522
0
0
0
0.001553
0.0017676
0.00084756
0
0.0011002
0.00033626
0.00012689
0.00028366
0.0011381
0.0016362
0.00015583
0.0026492
0.00044596
0.0019409
0.00087289
0.00059878
0
0.00017083
0.0023639
0.00035369
0
0
0
0
0
0
0
0
0
0
0
0
0
0
0
0
0
0
0
0
0
0
0
0
0
0.0064592
0
0
0
0
0
0
0.00178
0.0035397
0
0
0.0009828
0.0028757
0.0013126
0.00021955
0
0
0
0
0.0021667
0.00044205
0.00025825
0.0003654
0
0.00040373
0.00032446
0.0020226
0
0
9.7077e-05
0.00030038
0.0013231
0.0013361
0.0015914
0.0006675
6.515e-05
0.0009106
0.0021804
0.0015095
0.00027679
0
0
0
0
0
0.00073118
0.0013116
0.00024833
4.5553e-05
0
0
0
0
0
0.00012836
0.00016936
0
0
0
0
0
0
7.261e-05
0.00030682
0.0041388
0.0069892
0
0
0
0
0
0
0
0
0
0
0.00041372
0.0015469
0.00039823
0.00038708
0.00011588
0.00019726
0
7.2047e-05
0.00036643
0.00075238
0.0033189
0.0017995
0.0002537
0
0
0.00012593
0.00065366
0.00045631
0.00049947
0.0013087
0.0013158
0.00040548
3.8043e-05
0.00032222
0.00041158
0.001405
0.0012289
0.00016291
0
8.3416e-06
0
0
0.00010157
0.00068773
0.00079925
3.6741e-05
0
0
0
6.1184e-05
0
0.00031677
0.0021687
0.00033984
0.00064446
0.00056173
0.00030222
0
0
0
0
0
0
0.00045721
0
0
0
0
0
0
0
0.0074163
0.0025768
0
0
0.00025741
8.8672e-05
0
0
0
0
0.00010103
0.00025269
0.00065289
0.00095972
8.9996e-05
0.00019175
0.00012085
0
0
0.00013243
0.00026755
7.3481e-05
0.00027766
0.00042645
0.00017683
0
0.00026216
0.00024016
0.00034976
0.00040161
0
0
0
0
0
0.00029222
0.00099442
0.0010659
0.00067308
0.00044019
7.3292e-05
6.9691e-05
0.00011661
0
0.00033363
0.00057271
0.0011555
0.00072368
0.00049815
0.00021332
0
0
9.486e-05
0.00049849
0.00078576
0.00072696
8.1474e-05
0
6.2087e-05
8.1474e-05
0.00025884
0.0006463
0.0004194
0.00015493
0.0011405
0.0017595
0
0
0
0
0
0
0.0010703
0.0082214
0
0
0
3.8947e-05
4.5075e-05
0
0
0.0044771
5.4316e-05
0.00030896
0.0002208
0.00012869
0.00036444
9.3377e-05
0
0
0
0.00015169
0.00044118
0.00039195
0.00036312
0
0
4.7773e-05
3.3781e-05
0
0.00056519
0.00078408
0.00058361
0.00088261
0.00029536
0.00019777
0.00016644
0.00022083
0.00082416
0.00080833
0.00090709
0.00024324
7.9509e-05
4.1708e-05
8.2155e-05
0
0
0
0
0.00077118
0.0010748
0.00048013
0.00014535
0.00021446
0.00054084
0.00012419
0.00026644
0.00015693
8.8106e-05
0
0
5.8984e-05
0.00016256
0.00020456
0.00011114
2.9844e-05
0
0
5.0049e-05
0
0
0
4.1708e-05
0.00031764
0.00017529
0.0031547
0.00083939
9.5108e-05
0.00025025
6.7148e-05
0.0003682
0.00032462
1.5381e-05
0.0064268
0
0
0
6.4181e-05
5.7912e-05
0
0
0.005433
0.00064004
0
0
0
0.00013208
0.00013272
0.00043875
0.0055131
5.2757e-05
0.00013019
0.00018406
0.00041544
0.00039394
0.00051467
0.00014874
0.00043893
