0.020807
0.015667
0.017014
0.02266
0.051478
0.030475
0.026005
0.067651
0.0088941
0.0050688
0.0038578
0.0019529
0.025167
0.021318
0.0051861
0.0014283
0.0025928
0.0098533
0.0086993
0.011928
0.022389
0.0067654
0.00056228
0.00099319
0.0011315
0.0006399
0.0036259
0.0046121
0.0018931
0.0012186
0.018947
0.027761
0.0081883
0.00010467
0.00083121
0.0041664
0.0020296
0.0011733
0.0013094
0.037468
0
0
0
0
3.2548e-05
2.8552e-05
0
0
0
0
8.4423e-05
0.00047458
0.01375
0.0012466
0
0
0.0025629
0.0084498
0.0021553
0.0007224
0.011958
0.0047362
0.00056228
0.00099319
0
0
0
0
0
0
0
0
0.00041426
0.0020857
0.00021198
2.7373e-05
0.0059257
0.016161
0.00061623
0
0.0082094
0.0024866
0.0017058
0.001451
0.0049828
0.0031659
0.0039815
0.0014283
0
0.0019
0.007786
0.0034994
0.00097613
0.002385
0
0
2.9886e-05
0
0
0.0076639
0.0094328
5.6855e-05
0
0
0
0.00032572
0.0014089
0.00078385
2.0189e-05
1.3185e-05
0.018706
0.0041052
0.00030008
0.00031418
0.0028306
0.003811
0.0018551
0.0015086
6.1739e-05
0.00071437
2.6369e-05
8.602e-05
0.00038291
0.00069406
0.00081088
0.00086613
0.00079185
0.00035432
0.0001254
0
0.00040115
0.0029338
0.0011368
0.00016214
0.00039425
0.0013828
0
0
0
0
0
0
0
0.0011528
0.0011019
0
0
0
0
0
0.00068732
0.02115
0.001173
1.8646e-05
0
0.00011972
6.0622e-05
9.8918e-05
5.3142e-05
0.02104
0.0068636
0
4.7151e-05
0.00041473
4.6036e-05
4.6085e-05
0.00011044
0.014754
0
0
0
0
0
0
0
0
0
0
0
0
0
0
0
0
0
0
0
0
0
0
0
0
0
0
0
0
0
0
0
0
0
0
0
0
0.0026079
0.00057744
0
0
0.00032959
0.0016365
0
0.00061227
0.0050372
0
0
0
0
0
0
0
0
0
0
0
0
0
0
0
0
0
0
0
0
0
0
0
0
0
0
0
0
0
0
0
0
0
0
0
0
0
0
0
0.0042132
0
0
0
0
0
0
0.00047458
0.006917
0.0011514
0
0
0.00055023
0.00064892
0.001287
0.00011013
0.0043947
0.0034415
0.00056228
0.00099319
0.0016831
0.0057552
0.0005345
0
0.00065299
0.0004607
0
0
0
0
0
0
0
0
0
0
0
0
0
0
0
0
0
0
0
0
0
0
0
0
0
0
0
0
0
2.7373e-05
0.0054874
0.005047
2.8552e-05
0
2.4483e-05
8.8478e-05
0.00030648
9.8067e-05
0.0055946
0
0
0
0.00044437
0.00060059
0.00096643
0.00056142
0.00064164
0.0010626
0.00086424
0.0002472
8.1128e-05
0.0011373
0.0015467
0
0.0015228
0.0026414
0
0
0
0.0011872
0.0043971
0
0
0
0
0
0
0
0
0
0
0
0
0
0
0
0
0
0
0
0
0
0
0
0
0
0
0.009178
0
0
0
0.0018475
0
0
0
0.0013696
0
0
0.0078669
0.0009955
0.00025888
8.4317e-05
0.0001976
0
0.00015239
0.00084446
0.00010516
4.4678e-05
0
0
7.8385e-05
0.0011402
0.0029649
0.00033663
0
7.294e-05
0.00031365
7.1002e-05
0
0
0
0
0
0
0.0015619
0.0023954
0.00015042
0
0
0
2.9886e-05
0
0.00038488
0.0055921
0.0016142
0
0
0
0
0
0
0.0023473
0.0063504
5.6855e-05
0
0
0
0
0
0
0
0.00059492
0.0096425
0.00046239
0
0.00041445
0.0013852
0.0004269
0
0
0
0
0.00037205
0.00074363
0.0021103
0.0041232
0.0015208
0.00082441
0
0.00055392
2.0775e-05
5.2738e-05
0.00017879
0.00014272
0.00030043
0.0015597
0
0.00016045
0
0
0
0
0
3.4451e-05
0.00019986
0
0
0
0.00012705
0.00014495
0.00014482
0.00026499
6.6883e-05
1.7824e-05
0
0
0.00017615
0.0012769
0.00045941
0.00011901
6.921e-05
0.00032304
3.0315e-05
0
5.1857e-05
0.00066989
0.00049427
5.3382e-05
6.4735e-05
0.00028198
0
0
0
0
0
0
0.00052052
0
0
0
0.00012407
0
2.0189e-05
1.3185e-05
0.0091305
0.0012499
8.8276e-06
0.00016916
0.00064506
0.00029891
3.2966e-05
0.0001422
0
0
0
0.00015003
0.00011509
0.00028293
7.1422e-05
4.0748e-05
0
0
0
0
0.00023759
0.00018491
0.00021722
0.00016395
5.157e-05
0
0
2.4605e-05
0
0.0001851
0.00015457
0.00027757
0.00045879
0.00021556
6.8279e-05
6.1415e-05
0.00011767
0.00022801
0.00024124
9.2874e-05
0.00011456
0.00030144
4.0938e-05
0
3.6527e-05
0.00072282
1.4893e-05
0
0.00012666
0.00048354
0
0
0
0
0
0
0
0
0
0
0
0
0
0
0
0.0030861
0.00053138
1.7312e-05
2.5207e-05
1.2484e-05
3.8148e-05
0
0.00068732
0.010049
0.00057055
0
0
0
0
0
0
0.0090923
0
0
0
4.1848e-05
5.4631e-05
9.8918e-05
0
0
0
0
0
0.00022825
0.00015338
2.2035e-05
1.2484e-05
5.8941e-05
1.2242e-05
0
6.6149e-05
0.00031021
3.8303e-05
4.6085e-05
0.00016227
0.00028468
0
0
1.385e-05
0.00020803
3.5648e-05
0
0
0
0
0
0
0
0
0
0
0
0
0
0
0
0
0
0
0
0
0
0
0
0
0
0
0
0
0
0
0
0
0
0
0.0012562
0.0011283
0
0
0
0
0
0
0.0096434
0
0
0
0
0
0
0
0.010709
0.0017937
1.8646e-05
0
0
0
0
2.6026e-05
0.0090173
0.0051146
0
0
0
0
0
0
0.0050944
