0.034152
0.02594
0.030362
0.033047
0.038919
0.029885
0.027365
0.036107
0.004501
0.0031195
0.0030762
0.0038658
0.0084406
0.0060018
0.0024048
0.0041197
0.0072222
0.0072603
0.0030953
0.0048638
0.013563
0.010127
0.0037018
0.0040851
0.0020295
0.0028286
0.0033016
0.0027331
0.0010428
0.0022412
0.0055659
0.0033731
0.020399
0.012731
0.020889
0.021585
0.015873
0.011515
0.015692
0.024529
0
0
0
0
0
0
0
0
7.7639e-05
0
0
0.00033145
0.0017424
8.2952e-05
0
1.3241e-05
0.0016249
0.0016996
0.0010013
0.00072751
0.0073164
0.0027494
0.00074312
0.0014378
0.0026535
0.0026809
8.6549e-05
0.00069007
0.0022964
0.0027433
0.00035866
9.077e-05
0.00043917
0.00047691
0.00038165
0.00014801
0.0016909
0.0031023
0.00035218
7.3483e-05
0.0039636
0.0023641
0.0026173
0.0032201
0.0050073
0.0021786
0.0017009
0.0039038
0.0016821
0.0021102
0.0010807
0.0016062
0.0021067
0.0038026
0.0017296
0.001206
0.0010179
0.00087482
0.00069714
0.001979
0.0015547
0.0013936
0.0010901
0.0012734
0.00078397
0.0013017
0.0010494
0.00047618
0.00026741
0.00090419
0.0031921
0.0008729
0.00065209
0.00079713
0.00051805
0.00041566
0.00044396
0.0010874
0.00098685
0.0009418
0.0042837
0.0030126
0.0038425
0.0030092
0.0031377
0.002538
0.0035108
0.0029554
0.0070774
0.0046953
0.0061002
0.0083728
0.0061807
0.0043829
0.0053998
0.0091099
2.9607e-05
0.00026101
8.0202e-05
0.00013339
0
0
0.00080208
0.00031899
0.00053073
0.00034204
0.0012872
0.0016824
0.00033143
0.00032578
0.0006913
0.0012331
0.0016615
0.0013622
0.0028608
0.0018924
0.00091065
0.0014334
0.0024476
0.0030331
0.0068873
0.0035344
0.0077935
0.0076141
0.0051237
0.0031057
0.0042364
0.0087637
0
0
0
0
0
0
0
0
0
0
0
0
0
0
0
0
0
0
0
0
0
0
0
0
0
0
0
0
0
0
0
0
0
0
0
0
0
0
0
0
0
0
0
0
0
0
0
0
0.00032826
0.00037118
0
0.00046251
0.0012159
0.00048056
0
0
0.00075202
0.00019846
0
8.4393e-05
0.00018885
0.00022378
0
0
0
0
0
0
0
0
0
0
0
0
0
0
0
0
0
0
0
0
0
8.4393e-05
0
0
0
0
0
0
0
0.00024706
0.0012922
8.2952e-05
0
0
8.9436e-05
0
0
8.2135e-05
0.0021811
0.00096103
0.0004713
0.0010024
0.00070205
0.0011581
0.0010013
0.00062943
0.0040959
0.0017884
0.00014829
7.9251e-05
0.0023212
0.0022667
8.6549e-05
0.00014316
0.001827
0.0010411
0.00036373
9.077e-05
0
0
0
0
0.00026499
0.00089095
0
0
0
0
0
0
0
0
0
0
0.00021765
0.00010147
0.00013773
0
0.0010736
0.00084863
0.00011714
1.2734e-05
0.00027723
0.00018169
0.00015268
0.00024877
0.0020866
0.00066106
0.00012368
0.00026472
0.0014663
0.00038486
0.00024962
0.00044071
0.00092379
0
0.00059955
0.0016765
5.6759e-05
0.00035781
0.00013017
0.00040805
0.00073836
0.00050903
2.5296e-05
0.00036613
0.00058462
0.00047536
0.00038608
0.00046013
0.00068372
0.0014611
0.00015989
0.00047675
0.00013399
0.00062978
0.00021121
0.00066455
0.00017191
0.0011369
0.00060752
0
0
0
0
0
0
0
0
0
0
0
0
0
0.00028572
0.0011005
0.00013204
0
0.0001943
0.00034355
0.00024392
0.00014801
8.7055e-05
0.0010191
8.705e-05
6.0748e-05
0.00054844
0.00023384
0.00039866
0.00018361
0.00022034
8.1675e-05
0
0.00023027
0.0012805
0.0015185
0.0016875
0.0020938
0.0019353
0.00082446
0.00078286
0.0015034
0.00066776
0.00091058
0.00012729
0.00021348
0.00056808
0.001862
0.001405
0.00055499
0.00057087
0.00047985
0.00039826
0.00034228
0.00010241
0.00032877
0.00016591
0.00018065
0.00040362
0.00019461
0.00036482
0.00056383
0.00016799
0.00010208
0.00021389
0.00049117
0.00050082
0.0002175
4.1555e-05
0.00054327
0.0004053
4.9701e-05
0.00018523
0.00056218
1.0468e-05
6.2841e-05
5.0592e-05
2.2548e-05
0.00015662
0.0009106
0.0013395
2.3406e-05
0.00026697
0.00062783
0.0002183
0
9.951e-05
0
0.0001196
0.00020447
0.00011172
6.2033e-05
2.0935e-05
6.1824e-05
5.2771e-05
0.00012691
0.00010516
0.00012453
0.00022537
8.7134e-05
0.0003319
0.00036627
0.00013745
0.00080371
0.00010676
0.00015312
0.00034103
0.0006085
0.0011029
0.00037015
0.00047979
0.00076552
0.00086257
0.00074888
0.0013025
0.0010708
0.001063
0.00043488
0.00024727
0.00031616
0.00042191
0.00056528
0.00050516
0.00083925
0.00070496
0.00093857
0.00089082
0.00051425
0.0010326
0.001034
0.0013431
0.00087484
0.0010352
0.001875
0.001603
0.00096961
0.0010562
0.002118
0
0
0
0
0
0.00012772
0.0010121
0.0002635
0.00040685
0.00059418
0.0007553
0.00044039
6.4183e-05
0
0.00056725
0.00028528
0.00031236
0.00040802
5.3825e-05
3.125e-05
0.00024896
0.00025809
0.00045123
0.00041258
0.00016631
3.8489e-05
0.00011171
9.2461e-05
2.8166e-05
5.9482e-05
0.00025796
0.0002481
0.0010233
0.00044567
0.00049382
0.00049259
0.00016999
0.00054492
0.00024196
0.00021072
0.00091994
0.00040082
0.00065642
0.0015031
0.001836
0.00033693
0.0011572
0.0010051
0.0031332
0.0012956
0.001332
0.0020616
0.001722
0.0014155
0.0013136
0.001694
0.0021053
0.0016035
0.0022128
0.0027634
0.0019765
0.0013183
0.0013858
0.0023182
0
0
0
0
0
0
0
0
8.735e-05
6.1633e-05
0.00010541
9.9305e-05
0.00010372
0
0.00092563
0.00041522
4.7832e-05
0.00044056
0.00037369
0.00017894
6.185e-05
3.614e-05
0.0002384
0.00024783
0.00034466
6.936e-05
8.6111e-05
0.00013262
2.9384e-05
0.00026242
0.00019848
0.00042321
0.00035396
0.00030824
0.00024365
0.00023703
6.0387e-05
8.6995e-05
0.00040065
0.00036186
0.00097143
0.00046781
0.00080477
0.00067005
0.00025724
0.00049771
0.00103
0.00090673
0.0016294
0.0014923
0.0019483
0.0023618
0.0016351
0.0015665
0.0014365
0.0019344
0.0027798
0.0010814
0.0020093
0.0024575
0.0022648
0.00090591
0.0023171
0.0032612
0
0
0
0
0
0
0
0
0
0
0
0
0
0
0
0
2.0935e-05
7.4342e-05
0.00018461
0.00040571
0.00017001
0
0.00030816
0.0004785
8.921e-05
6.6435e-05
0.00058649
0.00079064
3.6661e-05
2.7216e-05
3.5714e-05
0.00011356
0.00012441
0.00010673
0.00045976
0.00016531
6.291e-05
0.00028107
0.00025517
0.00021833
0.0001316
0.00044106
0.00085923
0.00040526
0.00018272
0.00026059
0.00070431
0.0008749
0.00061901
0.000318
0.0015009
0.0012203
0.00044878
0.00069287
0.0011507
0.0015797
0.0013986
0.00070126
0.0028914
0.0011568
0.00075295
0.00048072
0.00038587
0.0018334
