0.026015
0.027784
0.035793
0.036562
0.02919
0.022272
0.034876
0.045365
0.0065412
0.0059664
0.0062201
0.0068695
0.0095824
0.0060537
0.0068949
0.007725
0.0084154
0.0083305
0.0079529
0.0079685
0.0056061
0.0051004
0.005715
0.0084825
0.0020801
0.0026503
0.0038706
0.0013865
0.0023513
0.0035258
0.0082203
0.0088657
0.0089788
0.010836
0.017749
0.020338
0.01165
0.0075925
0.014046
0.020292
0.00060747
0.0011016
0.00027066
0.00036469
0.00015232
0.00042505
0.00077073
0.00014744
0.0023448
0.0012752
0.0029664
0.0014049
0.0026483
0.0017198
0.0023344
0.0029375
0.0045753
0.0041009
0.0025796
0.0017899
0.0038915
0.0023931
0.0011143
0.0011146
0.0011219
0.001836
0.00067906
0.00088175
0.00057665
0.0005433
0.00081345
0.0012628
0.00068863
0.00093886
0.00073806
0.00047764
0.0017045
0.0021202
0.0012151
0.00025864
0.0027135
0.0026133
0.0021296
0.0046223
0.0048879
0.0017887
0.0023809
0.0041825
0.0011473
0.001261
0.0024754
0.0015178
7.7166e-05
0.0012656
0.0011832
0.0013552
0.0016687
0.00090014
0.0017982
0.0030993
0.0011417
0.00058257
0.0017486
0.0048193
0.00017451
0.0005384
0.00081821
8.9446e-05
0.0005333
0.00092231
0.0045305
0.0024307
0.00016728
0
9.3168e-05
0.00012128
2.7741e-05
1.2979e-05
0.00033761
0.00038913
0.001019
0.0017646
0.0028165
0.0032423
0.0020648
0.00074945
0.0011534
0.0026675
0.0022598
0.0031484
0.0052335
0.0080543
0.0039132
0.0024388
0.0033465
0.0050661
0.00061987
0.00046368
0.0016295
0.0006996
0.00060741
0.0017064
0.0015607
0.0010792
0.0009758
0.0016859
0.0011111
0.00047613
0.00093363
0.00083818
0.0016088
0.0048363
0.0027932
0.0016971
0.0034336
0.0025468
0.0019229
0.0009011
0.0050821
0.0051484
0.0023908
0.0040256
0.0056036
0.0065339
0.0033839
0.0032433
0.0044765
0.0066333
0
0
3.9703e-05
9.7145e-05
0.00011711
0.00016229
0.00022777
0
0.00018663
0.00037599
6.2646e-05
0
0
0
0
0
0.00035562
0.00029779
0.0020978
0.00020571
5.4211e-05
0.00012023
0.0010177
0.00026449
0.00046978
9.7467e-05
3.8401e-05
0.00054283
7.0238e-05
0.00038603
0.00029192
0.00096582
0.00058633
0.00016602
0.0003658
1.4494e-05
9.0985e-05
0.00036919
9.9781e-05
0.00027088
0.0015859
0.001052
0.00019626
0.00033847
0.00054505
0.00024573
0.0003131
0.0005484
0.00015864
0.00035359
5.6318e-05
0.00019199
9.8552e-05
8.6072e-05
0.00040957
0.00025854
0.00039143
0
4.1247e-05
0
4.5879e-05
8.05e-05
3.3669e-05
0.00032239
0
0.00042604
0
0
0
0.00022392
0.00041673
0
0.0003232
0.00018106
0.00014231
0.00026755
0
3.8831e-05
9.0761e-05
0.00014744
0.00058186
0.00039072
0.00027417
0.0002394
0.00015172
0.00020992
0.00051304
0.0005913
0.00086847
0.00049459
0.00058206
0.00036214
0.0019824
0.000733
0.00022821
0.0011158
0.00089745
0.0010167
0.0013684
0.00040487
0.0024846
0.00098758
7.9319e-05
0
0.0015229
0.0016263
0.00064913
0.001032
0.00096891
0.00086683
0.00027369
3.2248e-05
0.0003855
0.00019172
5.5275e-05
0.00022636
0.00022897
0.00011318
0.00031863
0.00047903
0.00011374
0.0007808
0.00024227
0.00025065
0.00014064
0.00034963
0.00034877
0.00027794
0.00015334
0.0005175
0.00036198
0
0
8.6648e-05
0.00013557
6.208e-05
0.00041751
5.7287e-05
0.00013413
0.00017525
0.00077555
0.00017623
0.00010902
9.1911e-05
0.00018815
9.1435e-05
6.4495e-05
0.00084755
0.00085279
8.617e-05
0
0
0.00016981
7.1718e-05
6.8433e-05
0.00037585
0.00062277
0.00014547
0.00096266
0.00096447
0.00083223
0.00047893
0.00021802
0.00022459
0
0.00088029
0.00046181
0.00050046
0.00043639
0.00086053
0.0010527
0.0006953
0
0.00028335
0.00063851
0.00045159
0
0.00024226
8.2216e-05
7.6475e-05
0.00017857
7.4677e-05
0.0003981
0.00070153
0.00010716
0.0002616
0.00017963
0.00044227
0.00026697
0.00019082
0.00048667
0.00046231
5.9339e-05
0.00040574
0.00024195
0.00027355
0.00066003
0.0014785
0.00081012
0.00010465
0
0
0
2.8843e-05
0.00021782
0.00016523
0
0
0.00058779
0.0019482
0.0018422
0.0010236
0.00034254
2.8843e-06
0.00013685
0.00056458
0.0014781
0.00022865
0.00010977
0.0015924
0.0027046
0.0015511
0.0014005
0.0026534
1.2406e-05
5.251e-05
6.717e-05
8.3311e-05
0.00011679
0
0.00011149
0
0.00013351
0.00020105
0.00080571
0.0005227
0
7.9319e-05
0
7.7529e-05
0.00055489
0.00026859
0.0010336
0.0016771
0.00015994
0.00015798
0.00053567
0.0020661
7.5581e-05
0
0.00036081
0.00032423
0.0002801
8.3179e-05
0.00046393
0.0017106
0.00015421
0.00025974
0.0001845
0
0.00041985
0.00039793
0.0023422
0.00037943
0
0
0
0
0
0.0001112
0
0.00022759
0
0
0
0
0
0
0
0
0.00014985
0.00013611
0
0.000586
0.00058159
6.4253e-05
0
0
0
4.6976e-05
0
0
0
0
0
1.7366e-05
0.00033442
0.0007841
0.00072816
0.00036488
0.00029861
0.00014691
0.000376
0.00071708
0.00059804
0.00078235
0.00084271
0.0014458
0.00063886
0.00034443
0.00030521
0.00057528
0.00033381
0.0008603
0.0011497
0.00354
0.00060063
0.00082463
0.00058623
0.00082704
0
0.00027866
0.00047028
8.9446e-05
0.00011345
0.00038641
0.0007241
6.6817e-05
7.8743e-05
0
2.5959e-05
0
0
0.00012704
0.0015309
0.0014863
0
0
0
0
0
0
0
0.00023047
0
0
4.405e-05
0.0001103
2.7741e-05
1.2979e-05
0
0
0.00027316
0.00051048
0.00019754
0.00047421
0.00049083
1.3296e-05
0.0001474
4.9879e-05
0.00043903
0.00029008
0.0012647
0.0017446
0.00089658
0.00041171
0.000344
0.0015188
0.00052401
0.00049212
0.0018743
0.0015096
0.00091289
0.00057794
0.00094535
0.0010596
0.00044254
0.00084479
0.00046157
0.0013748
0.0011898
0.00067706
0.0011434
0.00084305
1.7366e-05
0.00020227
0.0007077
2.0035e-05
0
0.00031783
0.00041678
7.7538e-05
0.00025453
7.0179e-05
7.2883e-05
6.3455e-05
0.00021911
0.0007462
0.00053413
0.00016742
0
0.00022218
9.9954e-05
0.0001128
0.00015793
1.7426e-05
0.00055224
0.002136
0
7.3284e-05
0.00010103
0
0
0
0.00095158
0.001933
9.2382e-05
0.00010196
0.00030342
0.00025059
6.4042e-05
0.00013032
5.0373e-05
0.0002936
0.00075258
0.00068813
0.0015219
0.0013459
0.00067536
0.00016085
0.000926
0.0011051
0.00054009
0.0006726
0.0012549
0.0015028
0.0011805
0.00070246
0.00058741
0.0013891
0.00044996
0.0009973
0.0020052
0.0017641
0.00083601
0.00058895
0.00097594
0.0016937
0.00024096
0.00012236
0.00054917
9.0488e-05
0.00019996
6.1451e-05
0.00022305
0.00013608
3.2021e-05
0
0
0.0004387
0.00015791
0.00064941
0.00012951
0.00048528
0.00012837
0.00023597
0.00020776
0.00030094
0.00022934
0.0001356
0.00013467
0.00030466
0.00059055
0.0010324
0.00054235
0.00012883
0.00030011
0.00015087
0.00033012
0.00038432
0.0007731
0.00029079
8.9699e-05
0
0.00031931
0.00042674
0.0014945
0.0022149
0.00061086
0.00060977
0.00058035
0.00082818
0.00034281
0.00028738
0.0020023
0.0015992
0.00092198
0.0015416
0.00069248
0.00060188
0.00096195
0.00079044
0.0015988
0.0015566
0.00075161
0.00094911
0.0020781
0.001971
0.00061516
0.00061517
0.00078888
0.002339
