0.052088
0.014709
0.013219
0.059044
0.031301
0.014913
0.013262
0.057938
0.022812
0.0075051
0.0026211
0.0096193
0.012135
0.0030004
0.0036113
0.017038
0.017467
0.0034515
0.0018893
0.0069175
0.0054932
0.00769
0.006081
0.018236
0.010305
0.0037011
0.0077931
0.021875
0.0092214
0.0039362
0.0031446
0.014656
0.0015041
5.0837e-05
0.00091528
0.020632
0.0044515
0.0002865
0.00042462
0.0080084
0.0047056
0.00094528
0.00098979
0.001225
0.0026334
0.0012071
0.00016461
0.0036729
0.0030207
0.00015812
0
0.0029966
0.0018426
0
0
0.0050381
0.01248
0.0017215
0.0011484
0.0035072
0.0017002
0.0058175
0.00059855
0.0028533
0.0014399
0
0
0.001967
0.0017723
0
0
0.0026475
0.0059659
0.0059613
0.0014795
0.0030387
0.0044073
0.0016398
0.0020463
0.0052478
0.008807
0.00025286
3.4313e-05
0.002225
0.0032519
0
0.001277
0.0028144
0.0020895
0.0019175
0.00074091
0
0
0.0018725
0.0054824
0.0016635
0.0016023
0
0
0.0014754
0.0018865
0
0
0.010955
0.00079502
0.00031842
0.0026762
0.0029313
0.0010687
0.00053974
0.00062029
0.001396
0.0033099
0.0018317
0.0026021
0.0021137
0.0017315
0.0021995
0.00091971
0.0018631
0
0
0
0
0
0
0
0
0
0
0
0
0
0
0
0
0.0046321
0.00078557
0.0011583
0.0048251
0.0035867
0.001051
0.001113
0.0040223
0.0017361
0.00076539
0.001474
0.011466
0.0026249
0.00029942
0.00061496
0.0070684
0.00076282
0
7.9151e-05
0.011893
0.0014153
0.00011393
0
0.0057012
0.00063358
5.0837e-05
0.0005513
0.0076778
0.0027356
4.6097e-05
0.00042462
0.0026131
0.0019944
0
0
0
0
0
0
0.0013986
0.0017777
0
0
0.00016832
0.00086538
5.804e-05
0
0.0016184
0.00050953
0
0
0.00098365
0.0007462
0
0
0.0018197
0.00097847
0
0
0.001169
0.00088075
0
0
0.0019616
0.00080445
0
0
0.0015925
0.00047741
0
0
0.001476
0.0068773
0
0
0.001206
0.00037467
0
0
0.0011256
0.00094412
0
0
0.0010716
0.00068918
0.00076679
0.00026911
0.0016264
0.00083346
0
0
0.00075036
0.0010831
0
0
0.00099868
0
0.0002001
0.00058999
0.00076017
0.00036326
0.00066631
7.6725e-05
7.6162e-05
0.00093347
0.0005953
0.0003998
0.00029649
0.0011999
0.00042576
0
0
0.00039556
0
0
0.00070989
0.00028105
0
0
0.0010368
0.00060475
0.00015812
0
0
0
0
0
0.00037548
0.0037192
0.0017215
0.00062949
0.00017447
0
0
0
0
0.0012081
0
0.00024233
0.00037887
0.00083602
0.0037438
0.00032944
0
0
0
0
0
0
0.00098959
0
0
0
0
0
0
0
0
0
0
0.00045916
4.793e-05
0.00046487
0.00011898
0.00059537
0.00054868
0.0011082
0.0028619
0.0016934
0.0019249
0.00045839
0.00051205
0.0019934
0.00047125
0.00080216
0.0012029
0.0051521
0
0
0.00017496
0.00045272
0
0
0
0.0021921
5.5171e-05
0
0
0
0
0.0006841
0.0020019
0.00066983
0.0016697
0.00080351
0
0
0.0010406
0.00044275
0.0010529
0.00093938
9.881e-05
0.00011753
0
0.00015157
0.00099822
0.0043819
0.00032759
0.00046507
0
0
0
0
0
0
0.00094753
0.00021621
0
0
0
0
0
0
0.00082233
0.00074171
0.0015187
0.00055624
0.0024077
0.0013775
0.00035778
0
0.00020363
0.00079065
0.0026197
0
0
0.00021894
3.9012e-05
0.00022385
0.0006105
0.00069587
0
0
0.00026794
0.0028431
0
0
0.00014469
0.00055204
0
3.4313e-05
0.0015193
0.00017813
0
0
0.00030479
0.00029724
0.00014899
9.6457e-05
0
0
0.000151
0.0001222
0.00014469
0
0
0
0
0
0
0.00038683
0.00016508
0
0
0
0.0002684
0.00015623
0
0.00048221
0.0044328
0.00065385
0
0
0.001073
0.0013227
0
0
0.0044129
0.0019692
0.00019104
0.00029708
0.0011646
0.00090084
0
0
0.00064312
0
0
0
0
0
0.00054909
0.00047208
0
0.002191
0.0013076
0.00076221
0.00074328
0.00057522
0.0005299
0.00011047
0.00099864
0.00062573
0
0
0.00059908
0.0010647
0.0010186
0.00087875
0.00054106
0
0.00072184
0.0013408
0
0
0
0
0
0
0
0
0
0
0
0
0
0
0
0
0
0
0
0
0
0
0
0
0
0
0
0
0
0.00079502
0
0.0010217
0
0
0
0
0.0012169
0
0.00012738
0.0010698
0.00063238
0
0
0
0
0
0
0
0
0
0
0
0
0.0010854
0
0.00049909
0.0010341
9.157e-05
0.00079128
0.00018996
0.00058886
0
0
0
0
0
0
0
0
0
0
0
0
0
0
0
0
0
0
0
0
0
0
0
0
0
0
0
0
0
0
0
0
0.0006717
0.00045748
0.00023541
0.00092987
0.00092303
0.00062091
0.00082702
0.00074574
0
0
0.00062605
0.00090931
0
0
0
0
0
0
0.00017089
0.0024212
0
0
0
0
0
0
0
0
0
0
0
0
0
0
3.5947e-05
0.00010175
0
0
0
0
0
0
0
0.00047843
0.00017489
0
0
0
0
0
0.00013462
0.00059803
0.00025521
0
0
0
0
0
0
0.00062782
0.00020333
4.6097e-05
0
0
0.002272
0
0.00036999
0.0015449
0.001481
0.00012499
0.00017194
0.001372
0.0014003
0
6.2722e-05
0.001958
0.00092493
0.00021073
0
0.0015129
0.0013679
0.00076539
0.0012199
0.0011362
0.00058845
0.00015754
0
0.0020806
0.00045654
0
8.319e-05
0.0062047
0.00082491
0.00014188
0.00061496
0.0044178
0.00061774
0
0
0.0047797
0.00013501
0
0
0.0039222
0.00014508
0
4.3203e-05
0.0024783
0.00017692
0
0
0.0024301
0.00031689
5.0837e-05
0.00024465
0.00079527
0.00055472
0
0.00014259
0.00051858
0
0
0.00011898
0.0023837
0.00083405
0
0.00019479
0.00028583
