0.030619
0.019916
0.029406
0.053587
0.035233
0.015058
0.020171
0.049582
0.0060095
0.0048331
0.0039572
0.0027093
0.013203
0.0063342
0.0048807
0.0084216
0.012498
0.008631
0.0091895
0.011135
0.012552
0.0037825
0.002873
0.0099898
0.0039769
0.0020581
0.0047491
0.0092232
0.0037694
0.0034316
0.0037751
0.0057912
0.0081341
0.0043938
0.01151
0.03052
0.0057085
0.0015095
0.0086424
0.025379
0
0
0
0
0
0
0
0
0.00054197
0.00021691
2.3437e-06
0
0.0057517
0.00077659
0.0009541
8.2113e-05
0.0042847
0.0054883
0.0019077
0.0029275
0.0087096
0.0016289
0.00020956
0.00071151
0.00064285
0
0
0.00035622
0.00015491
0.0010712
0.00033525
0.00024092
0.00015291
0.0010672
0.00080455
0
0.0019583
0.0021622
0.00091218
0.00015752
0.0051673
0.0034088
0.0026862
0.0026205
0.0043367
0.0032804
0.0026851
0.0080836
0.0019445
0.0019564
0.0031702
0.0031336
0.00033735
0.00061082
0.0015068
0.0024484
0.0054548
0.0011863
0.0041525
0.0036697
0.003438
0.00040048
0.00071349
0.0054963
0.00060914
0.00051922
0.0019876
0.00057939
0.00032245
0.00094202
0.0018144
0.0011677
0.0026022
0.0014804
0.0022953
0.0029564
0.0033608
0.0024601
0.0016801
0.0033396
0.0026307
0.001487
0.0048871
0.0037099
0.00034385
0.00042266
0.0034185
0.0096162
0.0030349
0.0019396
0.004458
0.010452
0.001529
0.00054626
0.003043
0.0090016
0
0
0.00050583
0.0010474
4.6875e-05
3.7058e-05
2.6204e-05
7.3827e-05
0.00072908
0.00016566
0.00033178
0.004388
0.00084636
0.00010753
0.00058362
0.0012101
0.0010915
0.00054403
0.0010273
0.0090036
0.00082299
0.00037153
0.0014561
0.0031656
0.0014905
0.00045617
0.00091013
0.0081746
0.0029544
0.00016902
0.00072476
0.0039253
0
0
0
0
0
0
0
0
0
0
0
0
0
0
0
0
0
0
0
0
0
0
0
0
0
0
0
0
0
0
0
0
0.00044296
7.4453e-05
0
0.00020653
0.00052238
0
0
3.5901e-05
0.00075948
7.3623e-05
3.3145e-05
0.00085277
0.0032774
0.00013525
0
7.7708e-05
0.0012262
0.00027893
0
0.0011122
6.9566e-05
0.00048433
8.1063e-05
0.00022591
0
0
0
0
0
0
0
0
0
0
0
0
0
0
0
0
0
0
0
0
0
0
0
0
0.00037843
4.8384e-05
0
0
0.00091726
0
0
0
0.00016353
9.7859e-05
2.3437e-06
0
0.0037445
0.00077659
0.00070836
5.2467e-05
0.00021216
0.0010263
0.0006149
0
0.0048819
0.00073824
0
0.00032679
0.001815
0.0033275
0.0012597
0.0011122
0.00075365
0.00072864
0.00020956
0.00030075
0.00026454
0.00053941
0
0
8.5345e-05
0.00058683
0.00020868
1.5007e-05
0
0
0
0
0
0
0
0
0
0
0
0
0
0
0
0
9.6635e-06
3.0827e-05
0
0
0.0012528
0.00032586
0
0
0.00034265
4.2447e-05
9.4246e-05
0.00019314
0.0020248
0.00049611
0
0.00030892
0.00072626
0.00028642
0.00048914
0.00080148
0.0010137
0.00086615
0.00089073
0.0019328
0.0012175
0.00084125
0
0.00011278
0
0.00017662
0.00018736
0.0014676
5.2407e-05
0.0012576
0.0023055
0.0013398
6.9356e-05
5.8178e-05
0.00049673
0.00034435
8.988e-05
0
0
0.0010507
0.0021068
8.1223e-05
0.00011571
0.00025071
0.0010931
0.00018077
0.00029614
0.00058621
0.0007072
0.00013675
5.2877e-05
0.000393
0.0001084
0.00038074
7.3595e-05
0
0
0
0
0
0
0
0
0
0.00039437
0.001571
0.00075067
4.8089e-05
0.0039416
0.0023846
0.0005754
0.0007575
0.0011373
0.00062913
0.00035779
0.0041387
0.00019166
0.00049978
0.0011566
0.00049399
0.00024735
0.00046057
0.0016823
0.001416
0.00030226
0.00028361
0.00056144
0.00061073
0.00014991
0.00024087
0.0004398
0.00026874
0.00025202
5.6687e-05
0.00010401
0.0002449
0.00011808
0.00011679
0.00027112
0.00038676
0.0011209
0.00053744
0.0021498
0.00028876
0
0
0.00012519
0.0021668
0.0024291
0.00050146
0.001166
0.0020605
0.00013333
0.00011893
0.00023039
0.00093962
0.00010448
0.00042031
1.6406e-05
0
2.0963e-05
0.00078218
0.00023748
0
9.5724e-05
7.082e-05
0.000167
0.0001298
0
0.00035052
0.00060984
0.00060012
0.00063693
0.00043386
0.0027215
0.0032146
0.0036175
0.00020368
0.00088868
0.0020659
0.0012383
0.00045476
0.00023938
0
0.00033229
0.0028402
0.00016551
0.00012868
0.00026771
0.0002715
0.0010654
0.00011008
0
0
0.00036226
0.00066388
0.00041621
0.00045914
0.0017081
0.0016367
0.00017532
0.00023048
0.00066871
0.0031258
0.00056038
0.00062764
0.0013424
0.00068776
2.7433e-05
0.00012626
0.00072301
0.001289
0.0012137
0.00029673
0.00097403
0.0026493
0.00030977
9.6635e-06
0.0002533
0.0030927
9.392e-05
9.4292e-05
0.00066988
0
0.00010709
4.8939e-05
0
0
0.00024935
3.3311e-05
0.00094451
0.00036237
0.00019439
2.5781e-05
0.0011286
0.00046201
0.00032683
4.3089e-05
8.4946e-05
0
0
9.3599e-05
0.00025181
0.00080926
0.00038983
0.00052317
0.00025254
0
0
0
0.00026281
0.00035164
0.00039144
0.00021031
0.00041765
0
4.2769e-05
9.6096e-05
0.00056452
0.0016626
0.0011228
0.00037422
0.0013014
0.0018362
7.622e-05
7.9064e-05
0.0014219
0.0033148
0.0007231
0.00023024
0.0011234
0.0022988
0.00010291
0.00012193
0.0011034
0.0023657
0.00061473
0.00060568
0.00084669
0.0035445
0.00064379
3.75e-05
0.00075166
0.002048
0
0
0
0
0
0
0
0
0
0
0.00069567
0.00098901
4.6875e-05
3.7058e-05
2.6204e-05
4.5507e-05
0.00050663
0.00011698
9.6635e-06
0.0012083
0
0.00011008
0.00011379
0.00069557
0.00025283
0.00013561
0.00018747
9.7609e-05
0.00014669
0.00010753
0.00048302
0.00059922
9.1014e-05
6.1341e-05
0.0003107
0.00075155
2.874e-05
0.00022429
0.00072699
0.0015627
0.00060844
0.00046296
0.00039165
0.000433
0.00010181
8.4675e-05
0.00043995
0.001088
0.00062926
0.00049684
0.00063304
0.00068313
6.992e-05
9.3338e-05
0.0004397
0.0016704
0.00046353
0.00030347
0.00063401
0.0012826
0.0003525
0.00027559
0.00049766
0.0021855
0
0
0
0
0
0
0
0
0
0
0
0
0
0
0
0
0
0
0.00013596
0.00067746
0.00020188
0
0
0
1.8896e-05
0
3.256e-05
0.0020708
0.00049779
0
0
0
0.00016077
6.9954e-05
6.4824e-05
0.0037727
5.9662e-05
2.3901e-05
0.00029793
0.00038944
0.00040763
0.00014434
0.00013264
0.0037982
0.00065489
3.8654e-05
0.00023317
0.00028488
0
0
0.00026383
0.0038067
0.00053173
0
0
0
0.00026433
0
4.4469e-05
0.0028609
0.001918
4.6226e-05
0
0.00029512
