0.02719
0.010631
0.016878
0.034824
0.026006
0.014851
0.024754
0.097601
0.0047012
0.0012279
0.00058571
0.0054545
0.0051105
0.0028233
0.00037882
0.001973
0.0085794
0.0043955
0.0096674
0.013727
0.0097471
0.0059053
0.006469
0.0071159
0.010336
0.0040754
0.0040261
0.0087408
0.0041042
0.0013967
0.013192
0.037653
0.0035734
0.00093269
0.0025991
0.0069013
0.0070443
0.0047257
0.0047135
0.050859
0
0
0
0
0
0
0
0
0
0.0001506
0.00010798
0
0
0
0
0
0.0010358
0.00063942
0.0010323
0.0018775
0.00017294
0.0010073
0.00069525
0.00076582
0.0030213
0.0010638
0.00095046
0.0012414
0.0021723
0.0011615
0.0004401
0.0013029
0.00012791
0.000109
2.6996e-05
0.00079128
0.0018761
0.0017121
0
0
0.0045094
0.00088133
0.00045073
0.0045592
0.0031318
0.00063516
0.00037882
0.0013213
0.0037432
0.0018764
0.0045047
0.0051095
0.0044745
0.0029291
0.0034984
0.0043854
0.00077901
0.00077524
0.0027337
0.0053046
0.0023794
0.0010586
0.0016101
0.0011051
0.0024676
4.5713e-05
3.7091e-05
0.00011495
0
0.0012151
0.0096219
0.0067326
0.0069476
0.0040968
0.0037812
0.0081988
0.0030308
0.00040643
0.0009795
0.0018033
0.0005737
0.00021746
0.00094123
0.0018038
0.0030871
0.0032636
0.0031732
0.0031848
0.00058191
0.00045049
0.0017591
0.0038656
0.003539
0.0013586
0.00097833
0.0016294
0
0
0
0
0
0
0.00084082
0.0030779
0.0006354
0
6.058e-05
0.00048597
0.00070404
0
0.0017501
0.025487
0.0019687
0.00017314
0.00026913
0.00078683
0.00057638
7.0725e-05
0.0003164
0.023538
0.00079884
1.7247e-05
0.0002231
0.00054172
0.00016469
3.2724e-05
0.00036157
0.022322
0
0
0
0
0
0
0
0
0
0
0
0
0
0
0
0
0
0
0
0
0
0
0
0
0
0
0
0
0
0
0
0
0
0
0
0
0
0
0
0
0
0
0
0
0
0
0
0
0.00058452
7.3377e-05
0
0.00030772
0.00031417
4.8553e-05
0
0.00047958
0.00074325
0
9.927e-05
0
0.00018066
0.00016215
8.2535e-05
0.0005075
0
0
0
0
0
0
0
0
0
0
0
0
0
0
0
0
0
0
0
0
0
0
0
0
0
0
0
0
0
0
0
0
0
9.8551e-05
0.00022163
5.6219e-05
9.6492e-05
7.2766e-05
7.3831e-05
0
0.0010358
0.00054087
0.00061244
0.0012372
0
0.00042415
0.00062142
0.00052147
0.0011726
0.00053958
0.00074661
0.00067221
0.0012434
0.00058724
0.00018762
0.00022814
0.00047934
0.00045087
0.00010458
0.00026148
0.00049502
0.00043671
0.00016995
0.00013947
0
0
0
0
0
0
0
0
0
7.577e-05
0
0.00015669
0
0
0
0
0.0016039
0.00011212
2.8989e-05
0.00091311
0.00084545
0
0
0
0.0017737
0
0
0.0011121
0.00020403
1.9089e-05
9.6492e-05
0.00015021
0.00085569
0.00045991
0.0012901
0.0016684
0.00084341
0.0015793
0.0019759
0.0021502
0.00091749
0.001111
0.0024593
0.002162
0.0014946
0.0011146
0.00062042
0.00034486
0.00049046
0.00029519
0.0010468
0.0012242
0.00015657
0.0005045
0.00040082
0.00029906
9.6733e-05
0.00017751
0.00034612
0.0003708
0.0003412
5.9947e-05
0.00013694
0.00016251
0
0
0
0
0.00035097
0.0011225
0
0
2.314e-05
2.1986e-05
0
0.0005062
0.0014585
0.00020102
0
0
0.00019272
0.00014617
0.00037919
0.00082291
0.0011128
0
0
0.00017873
0.00088067
0.00048685
3.2724e-05
0.00082324
0.00045432
4.6359e-05
5.413e-05
0.00086052
0.0014723
0.00040002
0.00048479
0.00072308
0.00028416
0.00042705
0.00083975
0.00053227
0.00063574
0
0.0002015
0.00051759
0.0016453
0.00033849
0.00029049
0.0013698
0
6.004e-05
0.00083209
0.0014664
0.00012975
4.4393e-05
3.0489e-05
0
0.00025859
0.00024487
0.0004339
0.002318
0.0011127
0.00048441
0.00074353
0.00042258
0
0
0
0
0
0.0016036
0.0031767
0
2.314e-05
5.6957e-05
6.4088e-05
0.00014767
3.5556e-05
0
0
0
0.00019227
0.001813
0.00062177
0.00024548
0
0.00013679
0
0.00010265
0.0051843
0.0017045
0.0011364
0.0020932
0.0016008
0
0.00062424
0.00093816
0.0011795
0
0.00039145
0.0007684
0.00050956
0.0024175
0.0017528
0.0028393
1.7247e-05
9.1003e-05
0.00016127
0.00018482
0.00044848
0.00023575
0.00038515
0.00023984
0
8.4751e-05
0.00076708
0.0012736
0.00033789
2.6858e-05
0.00010779
0.000293
0.00030516
4.3717e-05
0.0003412
0.0014103
0.0016187
0.00029792
6.8576e-05
0.00041503
0.0024445
0
0
0
0
0
0.0017017
0.00086452
0
0
0
0
0
0
0.0039812
0.0044582
0
0.00059119
0.00081433
0.0025876
0.00018933
0
3.0489e-05
0.00040517
0.00068617
5.1742e-05
0.0011263
0.0035581
0.0011859
0.00024391
0.00032477
0.00035733
0.00021874
9.2465e-05
0.00026773
0.00088139
0.0026252
0.00067423
0.00072594
0.00016955
4.3118e-05
0.00012859
6.3667e-05
0.0002839
0.00014645
0.00019535
0.00011691
0.00010087
1.3905e-05
0
9.8324e-06
3.9054e-05
0.00016569
5.3584e-05
0.00014131
0.00021208
0.00026285
0.0002923
0.00073354
0.00062298
0.00084266
0.00057985
0.00044274
0.0006078
0
0
0
0
0
0
0
0
0
0
0
0
0
0
0.001603
0.0038854
0
0
0
0
0
0
0.0017501
0.01214
0
0
0.00015282
0.00070382
6.3382e-05
0
0
0.0095459
0
2.5142e-05
0.00019103
0.0007759
0.00031985
0
0.00012688
0
3.3176e-05
0
0.00012955
0.00028623
4.8739e-05
5.4824e-05
0.00038196
0.00039235
6.013e-05
0
0.0002231
0.00043372
4.8504e-05
4.8625e-05
0.00018901
0.00023213
0
0
0
0.00025661
0.00022819
7.5426e-05
0.00010607
0
0
0
0
0
0
0
0
0
0
0
0
0
0
0
0
0
0
0
0
0
0
0
0
0
0.0006354
0
0
0
3.4494e-05
0
0
0.0028929
0.00064931
4.9394e-05
4.2754e-05
6.512e-05
0.0003277
0
0
0.012178
0.0012425
0
0
0
0
0
0
0.010504
0.00064395
0
0
0
0
0
0
0.010798
0.00010944
1.7247e-05
0
0
0
0
0.00017256
0.010818
