0.051036
0.021382
0.030231
0.057548
0.017274
0.02586
0.013969
0.039138
0.01578
0.0076918
0.0023313
0.0016684
0.0025836
0.0020822
0.0031583
0.005813
0.02027
0.0066221
0.006498
0.0012269
0.0018439
0.02007
0.0049427
0.020792
0.0086005
0.0034515
0.016071
0.022268
0.0081816
0.002284
0.0036777
0.0062719
0.0063849
0.0036162
0.0053307
0.032385
0.0046647
0.0014235
0.0021904
0.0062606
0
0
0
0
0
0
0
0
0.0014101
0.00092028
0.00078084
0.00035351
0
0
0
0
0.017427
0.0048521
0.001407
0.00076738
0.0011512
0.013861
0.0011472
0.0010513
0.0004461
0
0
0
5.951e-05
0.0011352
5.7637e-05
0.0003674
0.0042775
0.0053254
0
0
0
0
0
0
0.0091313
0.00079069
0.00073457
0.00035897
0.0014081
0.0016877
0.0026874
0.005813
0.0024438
0.0019063
0.0057894
0.00045947
0.00053686
0.0036659
0.0037826
0.0025544
0.00049868
6.9246e-05
9.517e-05
0
9.629e-05
0.001803
0.00042631
0.016163
9.937e-05
0.00098412
0.010955
0.00078744
8.416e-05
0
0
0
0.0082041
0.0024425
0.0031324
0.0057219
0.0087548
0.002284
0.0036777
0.006036
0.00063406
0.0012275
0.0012987
0.00043778
0
0
0
0.00026189
0.0036811
0.001673
0.0010802
0.0022952
0.0020824
0.0011103
0.0012725
0.0027653
0
0
0.00061902
0.001743
0
0
0
0
0.00025186
0.00012548
0.0010554
0.014636
0.0004172
0
0
0.00023583
0.0013032
0.00043049
0.001759
0.013382
0.0010671
0
0
0.001157
0.0010365
0.00063452
0.0015243
0.013738
0.00099198
0.00031313
0.00091788
0.001734
0
0
0
0
0
0
0
0
0
0
0
0
0
0
0
0
0
0
0
0
0
0
0
0
0
0
0
0
0
0
0
0
0.0017506
0.00072684
0
0
0
0
0
0
0.009854
0
0
0
0.00056208
0.0030117
0
0.00049903
0
0
0
0
0
0
0
0
0
0
0
0
0
0
0
0
0
0
0
0
0
0
0
0
0
0
0
0
0
0
0
0
0
0
0
0
0
0
0
0
0.00075486
0.00078202
0.00029501
0.00035351
0
0
0
0
0.0056403
0.0029853
0.00066542
0
0.00035348
0.00053832
0.00037287
0.00035057
0.00062194
0.0012783
0.00047764
0.00076738
0.00023566
0.0096673
0.00077431
0.00020171
0.00066179
0
0
0
5.951e-05
0.0010211
5.7637e-05
0.0003674
0
0
0
0
0
0
0
0
0
0
0
0
0
0
0
0
0.0025966
0
0
0
0
0
0
0
0.0069781
0.00022297
0.00014356
0
0
0
0
0
0.0020221
0.00027165
0.00013271
0.00014938
0.00078635
0.0014123
0.0025786
0.0048015
0.00074771
0.0017944
0.0061155
0.0002693
0.00067512
0.0021436
0
0.00035451
0.00074738
0
0.00027081
0.00019017
0
0.001771
0.0033116
0.0004994
0
0
0
0
7.1254e-05
0.0018316
0.0003747
0
0
0
0
0
0
0
0
0
0
0.0019508
0
0
0
0
0
0
0.0013302
0.0025578
0
0
0
0
0
0
0.00043304
0.00029607
0.00043591
0.0001704
0
0
0
0
2.5036e-05
0
0
3.9188e-05
7.8218e-05
0.0002754
0.00010875
3.7554e-05
0.00094868
0.00011196
0.00015282
0
0.00040525
0.00039445
0.00047097
0.00091628
0
0
0
0
0
0
0
0.0008201
0
0
0
0
0
0
0
0.0065754
8.8516e-05
0
9.517e-05
0
0
0
5.1613e-05
0.0080035
0
0.0015615
0.0046037
0
0
0
0
0
0
0
0
0
0
0
0
0
0.0017664
0.00086374
0.0006265
0.00029207
0.0017362
0.0005982
0.00042536
0.00015666
0.0045563
0.00092681
0.00057785
0.0026241
0.0016662
0.00044411
0.0027449
0.0042957
0
0.00064784
0.0010745
0.00012278
0
0
0
0
0
0
0.00028476
0.00034212
0
0
0
0
0.00024371
0.00020905
0.00017614
9.5662e-05
0
0
0
5.6537e-05
0.001445
0.00037104
0.000363
0.0004923
0.0009984
0.00034378
0.00014622
0.0010091
0
0
0.00028325
0
0
0
0
0
9.937e-05
0.00023942
0.0053443
0.00046223
8.416e-05
0
0
0
6.3337e-05
3.0147e-05
0.001402
0.00078089
0.0001307
0
0.00035674
0.00023359
0.0017689
0.00027484
0.00033939
0.0019659
0.0052217
0.0012417
0.00015074
0.0014077
0.00014914
0.00049737
0
0
0
0
0
0
0.00031288
0
0
0
0
0
0
0.00015946
0.00016312
0
0
5.0072e-05
0
0
0
0
0.00073483
0.00045686
0.00048627
0.00062397
0.00065363
0.00047522
0.00075451
0.00033122
0
0
0
0
0
0
0
0
0
0
0.0012478
0.0017153
0
0
0
0
0.00017549
6.7412e-05
0.00075473
0.0048787
0.00025005
0
0
0.00023583
7.6366e-05
0.00027711
0.00040634
0.00060517
0.00016714
0
0
0
0.00049219
0.00026207
0.00011315
0.00027172
0.00029392
0
0
0.0001693
0.0009325
0.00030495
0.00077105
0
0
0
0
0.00087306
0.00047991
0.00026845
0.00040697
0.00025099
0.00011877
4.7831e-05
0.00010604
0.0010314
0.0009026
0.00067586
0.0003402
8.613e-05
0.00028863
0.00021159
0.00040307
0.0017389
0
0
0
0
0
0
0
0
0
0
0
0
0
0
0
0
0
0
0
0.0017511
0
0
0
0
0
0
0
0.0068605
0
0
0
0
0
0
0.0002656
0.00652
0.0004466
0
0
0
0
0
0.00050295
0.0061735
0.00032658
0
0
0
0
4.2635e-05
0.00044353
0.0046809
0.0004643
5.2814e-05
9.5005e-05
4.3724e-05
0
0
0.00048014
0.00083813
0.00012028
6.6232e-05
0.00015474
0
