0.017708
0.017482
0.02854
0.037911
0.022036
0.029871
0.034334
0.064683
0.0091724
0.010376
0.0046009
0.0040448
0.0055108
0.012584
0.0090325
0.0027287
0.0060049
0.0044072
0.0048294
0.002242
0.0058395
0.0096623
0.0072768
0.021939
0.0020855
0.0014261
0.0066783
0.0079662
0.0045361
0.0044306
0.010531
0.023854
0.0004455
0.0012731
0.012431
0.023658
0.0061498
0.0031939
0.007494
0.016161
0.00046455
0.00054127
0.00082831
0.00057152
0.001906
0.002824
0.00068922
0.00047466
0.0017932
0.0011506
0
0.0010286
0.0024163
0.00076357
0.0006075
0.0013876
0.0043516
0.0025954
0.0019125
0.00064658
0.0034881
0.0068849
0.0036692
0.0018395
0
0
0
0
0
0
0
0
5.1193e-05
0.0014229
0.0011406
0.00038512
0.00040489
0.0044431
0.0041466
6.067e-05
0.0066353
0.0071026
0.0018307
0.0020595
0.00078362
0.0028055
0.0033294
0.00080571
0.0012369
0.0019239
0.0031121
0.0015119
0.0023515
0.0040083
0.0024364
0.0027359
0.00060225
4.6364e-05
0
0
0
0.00017174
0.0011712
0.016846
0.00076286
0
0.00028861
5.148e-05
0
0.00021229
0.0062653
0.0044906
0.00029212
0.00041364
0.0047657
0.0070563
0.0024882
0.0032697
0.0037501
0.0090961
4.2382e-05
0.0011256
0.0043124
0.0057145
0.0014422
0.00067529
0.00039745
0.00047196
0.0001942
9.631e-05
0.0035865
0.0077229
0.0027331
0.00039193
0.00039778
0.00098433
0.00056605
0.0010125
0.0022302
0.00085842
0.0019603
0.0012939
0.00030395
0.00050172
0.00046443
0
0
0
0
0
0.00041441
0.0091872
0
0
0.0013807
0.0028924
0.00037467
0.0016806
0.0039225
0.012373
0.0002513
5.1193e-05
0.0030537
0.0069063
0.0016254
0.00035313
0.0025767
0.0028394
0
0
0
0
0
0.00028441
0
0
0.00046455
7.5582e-05
0.00036917
0.00031105
0.00051913
0.00037973
5.5869e-05
0.00047466
0
0
0
0
0
0
0
0
0
0
0
0
0
0
0
0
0
0
0
0
0.00035275
0
0
0
0.0018088
0.00019369
0.00013424
0.00030433
0.00012703
0.00057299
0.00077577
0.00053797
0
0
0
0
0.00069277
0.0010468
0.00054357
0.00038696
0
0
0
0
0
0
0
0
0
0
0
0
0
0.0008477
0.00051798
0
0
0.00046569
0.00045914
0
0.0013869
0.0010609
0.00011537
0
0.00032426
0.00021187
0
0.00084609
0.0020291
0
0
0
0.0014075
0.00014901
0
0.0003297
0.00024571
0.00076357
0.00047184
0.0013876
0.0010994
0.0024011
0.0016132
0.00011331
0.0003646
9.477e-05
0.000577
0.00060437
0.0014433
0.00052072
0
0.00034226
0.0018534
0.0051703
0.0013066
0.00031025
0
0
0
0
0
0
0
0
0
0
0
0
0
0
0
0
0
0
0
0
6.6016e-05
0.00246
0.00022618
0
0
0.0006991
0.00019535
0
0.00033887
0.00087099
0
0
0.00018418
0.0025909
0.00034832
0
0
0
0
0
0.0010082
0.00057192
0.00014561
0.0008259
0.00032123
0.00018001
0.00042147
0
0.00092499
0.0016411
0.00038636
0.00023309
0.0025414
0.0035867
1.716e-05
0.00016107
0.00038867
0.00047549
0.00095853
0.00062833
0
8.4242e-05
0.0024747
0.0015831
0.00034204
0
0
0
0
0
0.00141
0.0069709
0
0
0
0
0
0
0
0
0
0
0
0
0
0.0013633
0.0036782
0
5.1193e-05
0.00048126
0.00088455
0.000305
0
0
0
0
0.0040099
0.0032799
0.00048077
0.00053176
0
0
0
0.00013303
0.0014177
0
0.0004004
0.00019953
0.00023866
0.0017011
0.0030436
0.00051161
0
0.00021537
0.0005184
5.7684e-05
0.00022374
0.0005752
0
0
0
0.00012528
0.001166
0.00050053
4.9139e-05
0
0
0
0
0
0
0
0
0
0
0.0008102
0.0001812
4.6364e-05
0
0
0
0.00017174
0.00017192
0.008438
0
0
0
0
0
0.00021229
0.0014503
0.00017604
0
0
0.00021723
5.148e-05
0
0
0.0028142
0.00056207
0
0.00079658
0.002861
0.0046797
0.00041331
0
0
0.0006229
0
0.00012669
0.000527
0.0012374
0.0017749
0.0036664
0.00036101
4.9139e-05
0
9.1112e-05
0.00021047
0.0004478
6.0678e-05
3.6402e-05
0
0
4.2382e-05
4.9139e-05
0.0012448
0.0016064
0
7.2399e-05
0.00018694
0
0
0
0.00073204
0.0011048
0.00094756
0
0
0
0
0
0.00023272
0.0011532
0.00039121
0
0
0
0
0
0
0
0
0
0
0.0003273
0.00076286
0
0
0
0
0
0.0016591
0.0034859
0.00029212
4.8536e-05
0.00052789
0.00053066
0.00015439
0
0.0021423
0.0049979
0
0
0.0012573
0.00099118
0.00014569
0.00028992
0.0018309
8.1578e-05
0
0.00065806
0.001909
0.0012134
0.00021526
0
0
0
0
0.00026199
0.00083164
0.0015
0.00075381
0.0002346
6.864e-05
0.00025215
6.3516e-05
9.631e-05
0.0010182
0.0025399
0.00063519
0.0003211
0.00014288
0.00042882
0
0
0.0009486
0.0028719
0.00067878
0.00021734
0.00017486
0.00010536
0
0
0
0
0
0
0
0
0
0
0.00034119
0.00040991
0.00020697
0
0
0
0
0
0
0
0
0
0
0.0022468
0.00046443
0
0
0
0
0
0.00041441
0.0090614
0
8.0671e-05
0.00036585
0.0010742
0.00013216
0.00021453
0.001235
0.0079457
0
6.5344e-05
0.0011959
0.0016747
0.00021906
0
0
0
0.00013069
0
0.0019493
0.0019738
0.0010642
0.00031024
0.0016644
0.0013967
0
5.1193e-05
0.00046746
0.0023325
0.00043292
7.2399e-05
0.00029304
0.000545
0
0
0
0
0.0012244
0.0011441
0.00020486
8.58e-05
0.00011614
0.00086682
0.0018293
0.00044851
0.00052897
0
0
0
0
0
0
0
0
0
0
0
0
0
0
0
0
0
0
0
0
0
0
0
9.2091e-05
0.00050657
0.0010513
0.0011081
0
0
0
0
0
0.00065125
0.00098748
0.0042897
0.00010469
0
0.00039492
0.00052115
8.0671e-05
2.7132e-05
0.00047566
0.00073673
0
0
0.00073425
0.0019235
0.00013248
7.7696e-05
0.00069849
0.0004855
