0.037724
0.022534
0.022201
0.026622
0.04564
0.021601
0.023954
0.05255
0.010002
0.0070132
0.0087432
0.0069158
0.016548
0.010737
0.0075488
0.013835
0.01457
0.0097039
0.0054432
0.008914
0.017687
0.0057095
0.0033356
0.013344
0.0089796
0.0030049
0.0042091
0.0063732
0.008793
0.0027537
0.0080929
0.012365
0.0041724
0.0028122
0.0038059
0.0044189
0.0026114
0.0024011
0.0049772
0.013006
0.0022079
0.002722
0.0055693
0.00052778
0.00097019
0.003085
0.0036124
0.0045625
0.0019703
0
0
0.00020603
0.0076477
0.00017073
0.0005496
0.0043125
0.0069929
0.0043071
0.0012052
0.0011298
0.0096475
0.0022339
0.0007899
0.0063732
0.0034203
0.0035854
0.0020566
0.001172
0.0016821
0.0022935
0.0022793
0.0021233
0.0016703
0.0025139
0.001169
0.003115
0.0033553
0.0047288
0.001139
0.0012485
0.0040886
0.0016461
0.0020049
0.0030671
0.0041569
0.0026551
0.0020761
0.0034842
0.0010926
0.0015015
0.0013702
0.0027201
0.0016056
0.00051262
9.5957e-05
0.0014044
0.0029341
0.0002863
0.0008112
0.0037907
0.0047483
0.00060314
0.00031885
0.0033289
0.0015878
0.00070393
0.0008075
0.0011572
0.001877
0.0010863
0.0027854
0.0021701
0.00083458
0.00065379
0
1.408e-05
0.00010867
0.0001307
0.00058627
0.00089262
0.0010854
0.0013988
0.00095178
0.00072541
0.00027148
0.00082915
0.0016083
0.0032851
0.0022914
0.0011227
0.0019174
0.0026749
0.0019346
0.0013875
0.0017479
0.0068469
0.0031868
0.0016197
0.0033983
0.002314
0.0029081
0.0015396
0.0040906
0.0021939
0.0032609
7.535e-05
3.2736e-06
0.002888
0.0038992
7.0589e-05
0.00055872
0.0070038
0.00039292
0.00017222
0.00046273
0.0001044
0.00018505
0.00017186
0.00054386
0.0012457
0.00053328
8.1469e-05
0.00034733
0.00087565
0.00020342
0.00010276
0.00077776
0.0016777
0.0013182
0
4.9485e-05
7.3675e-05
0
0
0
0.002448
0.00064463
0.00062741
0.001485
0
0
0.00098082
0.0012927
0.0018722
0.00069917
0
0
0
0
0
0
0.0016033
0.0008021
0
0
0
0
0
0
0.0028513
0.0019277
0
0
0
0.00025637
0
0
0.0025096
0.0017396
6.0584e-05
0
0.00066925
0.0023001
0
0
0.0026067
0.0013314
0.00052837
0.00028411
0.00055996
0.00050255
0.00057809
0.00031652
0.0014741
0.0010319
0.00058413
0.00051808
0.00011345
0.0006544
0.00031616
0.00026004
0.00040249
0.00024501
0.0011179
0.001487
0.00040007
0.00019913
0.00023639
0.00025946
0.00010027
0
0.00074974
0.0025478
0
0.00032389
0.0018678
0.0018856
0
0
0
0
0
0.0029506
0.00017073
0
0
0
0
0
0.00020603
0.0040276
0
0.00019243
0
0.00040282
0.0011488
7.1871e-05
5.1761e-05
0.0068073
0.00037283
0.00052715
0.00023217
0.0028365
0.0029081
0.0011333
0.00019676
0.0010946
0.0013693
0.00024545
0.00012672
0.00029238
0.00096893
0.00036661
0.00044456
0.0001958
0.0017018
0.0020099
0.00018493
0.00058558
0.0014173
0.00088783
0.00011495
0
0
0
0
0.0015703
0.00028699
0.00048398
0.0030493
0.001273
0
0
0.0008916
9.9939e-05
0.00075154
0.00038271
1.9778e-05
0.0019995
0.0018605
0.00075842
0.00030924
0.0024619
5.1397e-05
0
0.00031213
0.0012221
0.00028546
2.3832e-05
0.00070315
0.00029486
8.7505e-05
0.00025699
0.0009228
0.00021938
2.196e-05
0.00033874
0.0017624
0.00038792
0
5.6369e-05
8.0853e-05
0.00041037
0.00051916
0.00022113
0.00056807
0.00058963
0.0012311
0.00091897
0.0021712
0.00082915
7.4722e-05
0
0.00057924
0.00056749
0
6.9275e-05
0.00039896
0.00098944
0.00042504
0.00013071
0.001797
0.0015396
0.00018995
0.0002847
0.00017644
0.00072422
0
0
0.00096815
0
0.0014358
0.00030232
9.9939e-05
0.00010196
0.0014068
0.00011123
0
0
0
0
0
0.0001419
0.0012228
0.00035582
0
0.00085796
0.001413
0.0014663
0.0017119
0.0012066
0.00059619
0.00062717
0.00062988
0.00042772
9.4145e-05
0.00028162
0.00012027
0.0015871
0.0016977
0.0010513
0.00039943
0
2.4607e-05
0
0
4.1731e-05
4.997e-05
0
4.05e-05
0.00027003
0.00023614
6.7547e-05
8.6718e-05
0
5.1761e-06
2.588e-05
9.7992e-05
0.000393
0.00023043
0.0005403
0.0022749
0.00060307
1.4822e-05
0
0.00018263
0.00027984
4.0426e-05
0.00014677
0.00076457
0.0015992
0.0001488
0.00018814
0.00067139
0.0014636
0.00077515
0.00039124
0.0011424
0.0018492
0.00023032
0.00072589
0.0011148
0.00012427
0
0
0
2.4607e-05
0.00061021
0.00038887
0.000264
0.00011904
0.00010154
0
0
9.8853e-05
0.00017618
0.00022672
8.4754e-05
0.0002698
0.00016615
0
1.408e-05
0
0
1.4822e-05
8.6257e-05
0.00037008
0.00033414
0
0
0
0.00011876
0.00012309
0.00021603
6.602e-05
7.3965e-05
0.00017126
0.00011934
2.0704e-05
5.1223e-05
0.0001368
0.00023287
0.00034868
0.00017403
0.00054805
0.00046702
0.00030945
0.00036584
0.00033375
0.00028957
0.00035431
0.00022843
0.00018466
0.00072673
0.00069417
0.00039146
0.00036497
0.0014189
0
0
0
0
0
0
0
0
0
0.00013438
0.00041163
1.4822e-05
2.7874e-05
0.00040646
0.0013408
0.00058038
0.00019327
6.0584e-05
0
0
0
0
5.5748e-05
0.00021547
0.00020365
0.00010957
0
0
0
0
0.00017604
0.0005066
0.00027061
0.00027793
0.00016639
9.2581e-05
4.4233e-05
0.00018001
0.00039783
0.00072555
0.00033099
0.0006003
0.00041989
0.00028487
0.00015607
0.00043367
0.0008791
0.0015149
0.00068051
0.00058152
0.00054113
0.0011689
0.00036196
0.00022513
0.00044602
0.0020076
0.00068875
0.00031889
0.00070013
0.00073111
0.00041166
0.00034882
0.00046035
0.0014086
0.00012476
0.00028522
0.00014915
8.6029e-05
5.0768e-05
0
0.00032398
0
7.2354e-05
0.00080164
0.0013216
6.2328e-05
0
0.0012451
0.0020627
0.00013675
0.00013064
0
0
0
0
6.3644e-05
0.00032913
0.00072927
0.00015019
0
0
0
0
0
0.00019024
0.00058087
0.00012074
0.00023828
0.00029521
9.9222e-05
8.9436e-05
3.7109e-05
0.00019902
0.00054837
1.408e-05
5.1761e-06
7.2502e-05
5.1761e-06
0.0001352
6.1407e-05
0.00034588
0.00091791
9.6663e-05
7.5504e-05
0.0002034
0.00013055
8.7136e-05
0
0.00021564
0.00036845
6.5185e-05
6.4761e-05
8.1219e-05
0.00034069
5.2019e-05
0
0.00030149
0.0011996
0.0020465
0
0
0.00078452
0.00075298
0
0
0.00059022
0.00094321
0.00039934
0.0013177
0.0013811
0.0017913
0.00032251
0.0015164
0.0012099
0.0015377
0
0
0.0016615
0.0024167
0
0
0.0039564
0.0013757
6.2884e-05
3.2736e-06
0.0011488
0.0017417
6.9444e-06
6.2986e-05
0.0021022
0.00023272
0
0
7.7606e-05
4.8666e-05
7.3349e-05
2.3606e-05
0.00014575
0
0
0
0
0
0
0
4.4605e-05
0.00018912
0
8.3461e-06
3.3143e-05
0
3.7037e-05
0.0001665
0.00058104
0.00020141
7.1925e-05
0.00015612
0.00027043
6.4266e-05
6.5722e-05
0.00015395
0.0002939
