0.013902
0.013825
0.024708
0.0415
0.031447
0.022706
0.023217
0.08288
0.0048842
0.0039107
0.0057889
0.0070745
0.01232
0.017265
0.0045104
0.0040386
0.0045708
0.0081282
0.0062633
0.010089
0.011051
0.0026304
0.00047923
0.00047229
0.0024512
0.0003263
0.0043326
0.0059875
0.0022402
0.0020107
0.014703
0.030533
0.0019963
0.0014597
0.0083232
0.018349
0.0058355
0.00079962
0.0035244
0.047836
0
0
0
0
0
0
0
0
0.00016554
8.4964e-05
0.00038992
0.00058255
0.0050116
0
8.7476e-05
0
0.0026141
0.0022164
0.00088824
0.00047787
0.0062215
0.0017909
0.00062756
0.00017919
0.001312
0.0036129
0.0003319
0.0020821
0.0019857
0
0
0
0.00017383
0.00091786
0.0019596
0.0012296
0.0031699
0.014143
0.0010968
0
0.0045449
0.0029079
0.0030139
0.0050793
0.0038864
0.0030663
0.0025687
0.0040386
0.00061407
0.0014739
0.0012799
0.00081271
0.002032
0.00089558
3.0634e-05
0.0002931
3.0634e-05
0.00082503
0.0037633
0.0065807
0.000846
0
0
0
0
6.3695e-05
0.0012385
0.00060788
0.00031854
0.00051302
0.01236
0.0060376
0.00013975
0.0002626
0.0032977
0.0051023
0.0019657
0.0014977
0.0015078
0.0032687
0.00042717
0.00071285
0.0031721
0.0041699
0.0016645
0.00017755
0.00059097
0.0021541
0.00075786
0.00052982
0.0021532
0.0063348
0.0024243
0.00016107
0.0014489
0.0038129
0.0022199
0
0
0
0
0
0
0.0012263
9.1541e-05
0
0.0002219
0.00027899
0.00014044
0
0.0013731
0.01937
9.8342e-05
7.542e-05
0.0010192
0.0039281
0.00071492
0.00011956
8.0604e-05
0.025881
0.0006395
4.8888e-05
0.0017899
0.0037961
0.0010028
0.00034144
0.001381
0.013826
0
0
0
0
0
0
0
0
0
0
0
0
0
0
0
0
0
0
0
0
0
0
0
0
0
0
0
0
0
0
0
0
0
0
0
0
0
0
0
0
0
0
0
0
0.0012746
0.00028528
0
0
0.00023414
0.0010743
0
0.0019981
0.0025154
0
0
0
0
0
0
0
0
0
0
0
0
0
0
0
0
0
0
0
0
0
0
0
0
0
0
0
0
0
0
0
0.0026627
0
0
0
0
8.4964e-05
0.00038992
0.00040876
0.0018903
0
0
0
0.0006071
0.00044899
0.00020493
0.00021077
0.0015654
5.6102e-05
0.00031742
0
0.0016665
0.0017674
0.00051974
0.00034689
0.0025475
0.0009224
0.00023305
0.00017919
0.0011109
0.0025386
0.0003319
8.3938e-05
0.00036554
0.00033838
0
0
0
0
0
0
0
0
0
0
0
0
0
0
0
0
0
0
0.00012385
0.00025078
0.00067919
0.00017906
0.0021928
0.0045472
0
0
0.00014409
0.00010812
6.6468e-05
0.00022798
0.0010052
7.5994e-06
0
0
0.00045943
0
2.6868e-05
0.00031961
0.00027611
0
0
0.00028269
0.0008747
0.0012697
0.00041368
0.00076581
0.0018703
0.00064764
0.0001952
0.0002931
0
0.00020413
0.00040723
0
0.00016166
0.00043671
0
0
0.00024291
0.00078628
0.0019357
0
0
0
0
0
0
0
0
0
0
0
0
0
0
0
0
0
0.00058097
0.0084229
0.00052062
0
0
0.00060995
0.0010908
0.00082677
0.00019566
0.00059878
0
0
0.0031927
0.0027998
0.0025141
0.003326
0.00013605
0.00075348
0
0.0010165
0.00079857
0
0
0.00054966
0.0028539
0.0021733
0.0025687
0.0027394
0
0
0
0
0
0
0
0
0
0
0.00028405
0.00015116
0
0
0
0
0
3.875e-05
0.0016942
0.0019065
1.6993e-05
0
0
0
0
0
0.00042484
0.0044104
0
0
0
0
0
0
0
0
0
0.0010871
0.008135
0
0
0.00012082
0.0012316
0.00047141
0.00011089
0
0.0006011
0.00046656
0
0
0.0017492
0.0035752
0.00025596
0
3.1333e-05
0
5.0978e-05
0.00013694
0.00028024
0.00091859
0.0015967
0.0014902
0
0
0
8.7476e-05
0.00065466
0.00014197
0
0
0
0
8.3681e-05
0.0004132
0.00043745
0.0002746
0.00030335
6.2432e-05
0.00012312
0.00018604
0.00023689
0.0001958
0.00025155
0.00053807
0.00019943
0
0.00021977
0.00025582
5.9475e-05
0
0.00035131
0.0013433
0.00021607
4.672e-05
0.00030399
0.00085861
0
0
0
2.9677e-05
0.00020764
0
0
0
0
0
0
0
0
0
0.0042005
0.0051299
0
0
0.00066926
0.0006173
5.09e-05
2.2156e-05
0.00060482
0.0009976
8.8768e-05
3.8187e-05
0.00045284
0.00073166
0.00023912
8.6813e-05
0.00018546
0.00030933
5.4404e-05
0.00019867
0.00076782
0.0011679
0.00037986
0.00011512
0
0.00024542
0.00028908
0.00010098
0.0013265
0.001723
0.00062014
0
0.00042745
0.001115
0
0.00026303
0.0012324
0.0023729
0.00082913
0.00011435
0.00034238
0.0017176
5.3736e-05
5.5325e-05
0.00056429
0.0017816
0.00091967
0
0.00028151
0.00031419
0.00071847
0
0
0
0
0
0
0.00066653
0.0011259
0
0
0
0
0
0
0.00055981
0.00014805
0
0
0
0
0
0.0012881
0.0083267
0
0
0.00031755
0.00026277
9.8745e-05
0
0.00072024
0.011937
0
3.7423e-05
0.00035726
0.0010746
0.00014773
3.0398e-05
9.137e-05
0.0060019
9.8342e-05
3.7997e-05
0.00063739
0.0025371
0.00071896
5.3196e-05
8.0604e-05
1.9375e-05
8.0235e-05
0
0.00055501
0.0019178
0.00041655
0.00011502
0.00011102
0.00082677
0.00015039
1.5667e-05
0.00023629
0.00048538
0.00056129
9.7806e-05
0.00073471
0.00029168
0.00031897
0
0
0
0
0
0
0
0
0
0
0
0
0
0
0
0
0
0
0
0
0
0
0
0
0
0
0
0
0
0
0
0
0
0
0
0
0
0
0.0062878
0
0
0
0.00039025
0
0
0
0.01283
0
0
0.0004519
0.00049752
0.00010907
5.112e-05
0
0.011353
3.3986e-05
8.4964e-06
0.00074105
0.001112
0.00016956
4.3323e-05
3.0634e-05
6.4707e-05
