0.031478
0.027458
0.026067
0.028777
0.044417
0.034939
0.027275
0.031948
0.0066325
0.0048322
0.0024085
0.0059649
0.013
0.0068653
0.0023997
0.0038173
0.0099396
0.0090702
0.0072691
0.0076871
0.017433
0.01173
0.0051386
0.0073242
0.0057884
0.0057074
0.0042223
0.0052854
0.0046545
0.0073447
0.0070129
0.0040013
0.0091175
0.0078484
0.012167
0.0098401
0.0093292
0.0089994
0.012724
0.016805
0
0
0
0
0
0
0
0
0
0.00029387
0.00010966
0.0017348
0.0034857
0.00028189
0.00013643
0.00035516
0.00092078
0.0018266
0.00053469
0.0011912
0.0076815
0.004354
0.00081047
0.00058361
0.0028085
0.00082302
0.00015974
0.0016546
0.0016803
0.0011066
0.00027312
0.00051619
0.00040333
0.00057182
0.00036533
0.00020885
0.0035259
0.0039943
0.00055088
0.00048532
0.0057372
0.0034626
0.0018704
0.0040212
0.0055111
0.0020489
0.0015432
0.0025721
0.0046083
0.0050287
0.0044836
0.003033
0.0056123
0.0053158
0.0028242
0.0047524
0.0016273
0.0012405
0.0015996
0.0015504
0.0024886
0.001062
0.0010282
0.001403
0.0017358
0.0016433
0.0017009
0.00044273
0.0014066
0.0022686
0.0034108
0.0014431
0.0042858
0.0039507
0.0021017
0.0033687
0.0029553
0.0048054
0.0024302
0.0023688
0.004195
0.0043165
0.0042729
0.0022799
0.0044591
0.0038625
0.0038693
0.0041239
0.0020567
0.0017938
0.0034845
0.0042305
0.0029887
0.0022515
0.0025884
0.0074059
0
0
2.5238e-05
0.00029787
0
0.00016253
0.000243
0.0002488
0.0001264
0.00014406
0.00045762
0.0010448
0.00015368
9.7624e-05
0.00091166
0.00034534
0.00066235
0.00060728
0.00068642
0.0016641
0.00041575
0.00021152
0.00089215
0.0010451
0.0021365
0.0015866
0.0041263
0.0020169
0.0020524
0.0028785
0.0051701
0.0042131
0
0
0
0
0
0
0
0
0
0
0
0
0
0
0
0
0
0
0
0
0
0
0
0
0
0
0
0
0
0
0
0
0
0
0
0
0
0
0
0
0
0
0
0.00011597
9.0576e-05
0.00017192
0
0
0.00055673
0.00015809
0
0.00097193
0.0013482
0.00047162
0
0.00019134
0.00078664
0
0
0.00052706
0.00017615
0
0
0
0
0
0
0
0
0
0
0
0
0
0
0
0
0
0
0
0
0
0
0
0.00099154
0.00010317
0
0
0
0.00015034
0.00010966
0.0013157
0.0018403
0.00017872
0.00011634
0.00035516
4.7285e-05
0
0
0.00017316
0.0042308
0.00079001
0
0
0.0007893
0.0012917
0.00041786
0.00090212
0.0031279
0.0025537
0.00058938
0.00053651
0.0015493
0.0007489
0.00027657
0.00015565
0.00072888
0.00092709
0.00027312
0.00037194
0
0
0
0
0
0.00014501
0
0
0
0
0
0
0
0
0
0
0.00015349
0
0
0
0.0025374
0.00052119
8.0625e-05
0.00012143
0.00035047
0.00010319
0.0002131
0.00070811
0.00174
7.5209e-05
0.0001774
0.0002328
0.0012019
0.0008791
4.5037e-05
0.0010427
0.00056974
4.7477e-05
0.00046349
0.00056426
0.00078688
0.00053884
0.00082793
1.9257e-05
0.00068965
0.0010139
0.0010938
0.0014655
0.0016875
0.0020162
0.0012252
0.00055132
0.0014711
0.0016663
0.00076128
0.00073781
0.00038549
0.0015121
0.00061447
0.00053082
0.00028167
0.00053622
0.00070018
0.00027558
0
0
0
0
0
0
0
0
0
0
0
6.0573e-05
0.00030619
0.0023473
0.00016954
0.00014824
0.00014723
0.00044686
0.00030449
0.00014827
0.0005314
0.0004143
0.00023928
9.8955e-05
0.0012893
0.00064529
0.00066612
0.00062325
0.00052175
0.00050393
0.00010092
0.00076227
0.0016924
0.00081821
0.00083578
0.0013552
0.0023584
0.00058835
0.00082148
0.0010652
0.00077563
0.00072093
0.0012415
0.00073942
0.0014686
0.0015103
0.00068567
0.00018155
0.0011041
0.0010115
0.0008004
0.0013015
0.0017864
0.0010879
0.00022212
0.0020528
0.00086427
0.00080321
0.0012452
0.0010606
9.1547e-05
0.00046179
0.00029971
0.00059572
0.00037547
4.9122e-05
5.1946e-05
0.0002299
0.0011147
0.0004029
5.7758e-05
0.00082137
0.00022908
1.7785e-05
0
0
0.00039327
0.0015846
0.00045721
0.00022033
0.00044911
0.0012562
0.0014711
0.00025234
0.0005985
0.00071205
0.00051164
0.00041698
0.0015753
0.0028452
0.00086909
0.0015196
0.00044807
0.00095833
0.0011207
0.00049515
0.0021218
0.00078453
0.0003416
0.0016869
0.0016828
0.0019474
0.0010692
0.00083744
0.0010828
0.0016286
0.00090107
0.00034308
0.0018306
0.0011145
0.00080958
0.00062262
0.00056264
0.00071587
0.002135
0.00055839
0.00066851
0.00044795
0.0014047
0.00063729
0.00032201
0.00088875
0.00041082
0.0022174
0.0012231
0.0011657
0.0011509
0.00077929
0.0007794
0.00031531
0.00014697
0.0004637
0.0014187
0.00029931
3.319e-05
0.00055329
0.00026396
0
0
0
0
0.00016474
0.001077
0
0.00074041
0.0004048
0.00029059
0.00014109
0.00044662
4.5016e-05
0.00090132
0.00077883
0.0007956
0.0001794
0.00034928
0.00044475
0.00033976
0.00054258
0.00013932
0.00029724
0.00036558
0.00068518
0.00054169
0.00037495
0.00091332
0.0015213
0.00032793
0.00073893
0.0018466
0.00054599
0.00068688
0.00060533
0.0017809
0.0023104
0.00085001
0.00078375
0.00095108
0.001115
0.00065482
0.00033613
0.00040542
0.00048606
0.00073232
0.0017421
0.00060156
0.00065288
0.0011709
0.00060258
0.00070719
0.00037889
0.00091599
0.003516
0.00048145
0.00053539
0.001357
0.0009685
0.00046964
0.00042789
0.00045851
0.0023542
0
0
0
0
0
0
0
0
0
7.0288e-05
2.5238e-05
0.00015887
0
4.085e-05
0.00027748
0.00030157
0.0001264
0.00014406
0.00040597
0.00056154
0.00013589
0.00012168
0.00029179
0.0001385
0
0
2.2976e-05
0.00047316
1.7785e-05
0.00023355
0.00051496
8.6266e-05
0.00058238
0.00051836
0.00053043
0.00036253
0
5.222e-05
0.00089501
0.00065262
0.00012744
0.00029215
0
3.4002e-05
0.0002426
3.5107e-05
0.00022004
0.00012974
0.00029699
0.00010627
0.0005583
0.00088459
0.00064378
0.00051891
0.0012405
0.0013003
0.001149
0.00054513
0.0024608
0.00078611
0.00027964
0.00063044
0.001192
0.0010181
0
0
0
0
0
0
0
0
0
0
0
0
0
0
0
0
0
0
0
0
0
0
0
0
0
0
0
0.00011335
0
0
0
0
0
0
2.8677e-05
0.00055112
0
0
0
0
0
0
0
0.00065808
0
0
2.7749e-05
0.0001395
0.00018357
7.1384e-05
0.0003814
0.00032304
0.00040976
0.00031633
0.00071313
0.00092067
0.00052519
0.00084822
0.00096144
0.00043891
0.00092515
0.00032132
0.00043474
0.0010363
