0.020765
0.018253
0.023991
0.022202
0.066805
0.039614
0.047741
0.01252
0.010031
0.0038738
0.0094174
0.0052428
0.029609
0.02451
0.0016363
0.0040142
0.0067184
0.012054
0.010128
0.014297
0.034768
0.0069331
0.0028112
0.00331
0.003896
0.001443
0.0015638
0.00076747
0.0013808
0.0071577
0.043259
0.005196
0.00011908
0.00088249
0.0028822
0.0018944
0.0010463
0.0010132
3.4215e-05
0
0.00057277
3.4215e-05
0.001075
0.00049432
0.00065449
0.00030489
0.00060193
0.00046493
0.00048478
0.00022872
0.0013649
0.0010776
0.015983
0.0012899
0.00020734
0.00010407
0.0027097
0.0030398
0.00022923
0.0031001
0.019443
0.002531
0.00068508
0.0020351
0.0027304
0.0048542
0.0014345
0.0023775
0.01034
0.00095091
0.00012426
0.00054068
0.00052817
0.00070024
0.0021474
0.0013488
0.00093321
0.020215
0.0006611
0.0005991
0.0084453
0.0028498
0.0047722
0.0023109
0.011505
0.001021
0.00011051
0.0023663
0.0011837
0.0023786
0.0029978
0.00084022
0.0041443
0.004154
0.0020019
0.0010396
0
0.0018419
0.0053379
0.0077334
0.0010401
8.7322e-05
0
0.00017451
0.0014851
0.00013241
0.00042119
0.00021809
6.8455e-05
0.0062825
0.020824
0.00047754
2.3192e-05
0.00040746
0.00074125
0.00020312
0.00063629
0.00016058
3.0291e-05
2.25e-05
0.00013295
0.00038793
0.00065528
0.00046621
0.00051553
0.00077572
3.4215e-05
0
3.9774e-05
0.00051367
0.0022495
0.0011186
0.00077849
0.00021228
0
0
0.00016667
0.00052345
0.00028011
0.00022049
0.00011932
0.00060774
0.0048262
0
0.002221
0.00029606
0
0.00012578
0.00055679
0.00093784
0.016983
0.004696
0
3.4215e-05
0.00023456
0.00026899
8.6299e-05
2.5155e-05
0
0
0
3.0291e-05
5.0624e-05
4.0562e-05
0
0
0
0
0.00019949
0
5.6249e-05
0
0
0
0
0.00014814
0.00015841
0
4.0562e-05
0.00028424
9.0586e-05
0
4.2838e-05
0.00016794
0.00016284
0.00017841
0
0.00010143
7.8413e-05
4.0562e-05
0
4.5349e-05
0.00036477
0
0
0
0
0
7.048e-05
5.8725e-05
0
4.0562e-05
0
0
7.6507e-05
0
0
0
0
0
6.3638e-05
0.00017702
0.00014177
0
0
0
0
0
0
0
0.0099008
0.0005875
0
0
0.00032615
0.00080616
0.00032278
0.0019099
0.00081556
0
0
0
0
0
0.00053923
7.0065e-05
0.00039429
2.8124e-05
0
0
0.00017204
3.4215e-05
0.00033023
0.0001119
0.00016962
0.00027676
0.00055909
0.00014885
0
0
0.00089663
0.00018344
0.0025011
0
0
0
0
5.031e-05
0.00026901
0.00082082
0.011149
0.0012494
0.00013686
0
0.0004302
0.00043814
9.2522e-05
0.0017237
0.0093669
0.00076134
0
0.00079286
0.0019042
0.0021263
0.00015301
0.00092757
0.0093814
0.0011822
0.00068508
0.00077165
0.0019576
0.0030222
0.00068355
0
0.00054852
0.00041077
0
0.0008847
0.00047142
0.0010383
0.00042816
0.00034136
0.00026688
4.8059e-05
0
0.0001266
0
0.000298
0.00067296
5.3362e-05
4.3932e-05
0
0
0
5.0935e-05
7.6507e-05
0.00094235
0.0008994
0.00075194
0.0063048
0.0002519
0.00012039
0.00049078
0.00013657
0.00031029
0.00051075
0.008355
0.0012255
0
0
0.0069082
0.0011704
0.00034992
8.8043e-05
0
0
0
0.0016535
0.0012189
0.00076199
0.00036017
0.00054692
0.0013684
0.00034466
0.00010723
0.0013872
0.00033929
0.00049866
0.00052867
0.00015147
0.0027943
0.0010534
0
6.9576e-05
0
0.0025397
0.0035911
0.00057673
8.362e-05
0
0
0.00017451
0
5.0935e-05
0.0012161
0.00012622
6.7733e-05
0.00016687
0
0
0.00043746
0.0002131
8.4373e-05
0
0
0
0
0.00045355
3.9774e-05
0.00011264
0.00055637
0.00039601
0.00010922
0.01156
0.0002984
2.5155e-05
4.7729e-05
0.00032179
0.00056201
0
2.8124e-05
2.8124e-05
0
0
0.00051644
0.0011645
0.0036106
0.0017121
0.0041035
0
0.00011051
0.00029549
0.00028534
0.00043858
0.00018055
0.00027302
0.00048425
0.0031621
0.0018946
0
0
9.0174e-05
0.00025542
0
0
0
0
0
0
0
0.0014536
0.0016162
0.00028135
0
0
0
0
0.00016467
0.00049309
0.0043638
0.00059474
0
0
0
0
0
0
2.8681e-05
6.8455e-05
0.00043199
0.00023156
0
0
0
0
0
0
0.0060785
0.0082556
0
2.3192e-05
0.00036208
0.00034802
3.2798e-05
0
0
0
2.25e-05
0
3.9774e-05
9.3654e-05
0.00013094
0.00052995
9.6446e-05
3.0291e-05
0
7.7507e-05
0.00026427
0.00042035
0.00031699
0.0002332
0.00021477
0
0
5.5446e-05
0.00012667
0
0
4.8347e-05
9.0652e-05
3.4215e-05
0
1.591e-05
7.3339e-05
0.0010034
0.00038327
0
0
0
0
2.3864e-05
0.00014348
7.2381e-05
0.00032304
0.00062189
0.00021228
0
0
4.7729e-05
0
0
0
0
0.00020292
0.00028955
0.00014981
0.00091282
5.7363e-05
0.0002404
0
0
0.00074813
0.010713
0.00032773
0
0
0.00019366
3.9374e-05
0.00010633
0
0
0
0
0
0
0
0
6.4134e-05
0
0
0
4.5436e-05
3.3749e-05
2.8124e-05
2.3864e-05
0
0
0
0
5.6529e-05
0.00031832
0.0001211
0.00021012
0.0004703
0
0
0
0
5.21e-05
0.00014726
0.00015661
0
0
0
0
0.00029685
0.00078839
0.00037252
0
0
0
0
0
0
0
0
0.00011932
0.00063856
0.00034226
0
0.00069123
0.00056428
0.00042152
0.0004099
0
0.00046782
0.0041022
0
0
0
0
0
0
0
0.0066901
0.0017914
0
0
0
0
0
0
0
0
0
0
0.00012618
2.8124e-05
0
0
0
0
0
3.4215e-05
0.00020427
0.00024087
8.6299e-05
2.5155e-05
0
0
0
0
0
0
0
0
0
0
0
3.0291e-05
0.00014356
4.0562e-05
0
0
0
0
0
0
0
0
0
3.3749e-05
0.00035552
0
0
3.4215e-05
3.9374e-05
0
0
0
0
0
0.0012599
0.00029606
0
0.00012578
0.00055679
0.00062356
0.0044168
0.0023098
0.00096109
0
0
0
0
0
0.005228
0
0
0
0
0
0
0
0
0
0
0
0
0
0
0
0
0
0
0
0
0
0
0
0
0
0
0
0
0
0
0
0
0
