0.039233
0.02644
0.032708
0.041253
0.029914
0.020013
0.025346
0.036804
0.0073913
0.0043417
0.0025043
0.0017227
0.0039399
0.00091163
0.002256
0.0030053
0.017426
0.010281
0.006657
0.0023302
0.0057304
0.0099914
0.010561
0.014823
0.010022
0.0059143
0.010839
0.017447
0.0094748
0.0046854
0.005975
0.010968
0.0043936
0.0059033
0.012708
0.019754
0.010769
0.004425
0.0065539
0.0080078
0
0
0
0
0
0
0
0
0
0
0
0
0
0
0
0
0.0067194
0.0031066
0.0021834
0.00056671
0.00087195
0.0016864
0.00015207
0.0020964
0.0034269
0.00065491
0
0
0.0031237
0.0044979
0.00058908
0.001018
0.0021016
0.00098512
0.00064981
0.00016688
0.00017546
9.6311e-05
0
0.00022326
0.0052402
0.0032808
0.0016917
0.0013071
0.0034288
0.0006889
0.002256
0.0023482
0.0045373
0.0065193
0.0042207
0.0016106
0.0012907
0.0031514
0.0041908
0.0036937
0.0024894
0
6.3977e-05
8.6716e-05
0.00041176
0.00078224
0.0055522
0.0079628
0.0010738
0.0017711
0.0036052
0.001868
0.0008076
0.00016442
0.00015929
0.00024679
0.0074751
0.0034462
0.0034493
0.0076659
0.0069109
0.0041335
0.00388
0.0090336
0.0019929
0.0035726
0.0064691
0.0038807
0.0019934
0.0021148
0.0031216
0.0023204
0.0013547
0.00067696
0.002882
0.002466
0.00071177
0.0012914
0.0021818
0.0030523
6.1866e-05
5.6454e-05
0.00058537
0.00072537
9.3678e-05
0
0
0
0.0011576
0.00071624
0.0032521
0.0070724
0.0019327
0.00035862
0.0016885
0.0015774
0.0010252
0.0012442
0.0023093
0.0076731
0.0025719
0.00074127
0.0011553
0.0020572
0.00043072
0.00040954
0.0013173
0.0061092
0.0051824
0.00030629
0.00038794
0.00059279
0
0
0
0
0
0
0
0
0
0
0
0
0
0
0
0
0
0
0
0
0
0
0
0
0
0
0
0
0
0
0
0
0
0
0
0
0
0
0
0
0.003365
0
0
0
0
0
0
0.00026314
0.0033777
0.00015986
0
0
0.00078985
0.00031807
0.00017371
0.0017796
0
0
0
0
0
0
0
0
0
0
0
0
0
0
0
0
0
0
0
0
0
0
0
0
0
0
0
0
0
0
0
0
0
0
0
0
0
0
0
0
0.00026952
0.00063524
0.00019649
5.034e-05
0
0
0
4.6518e-05
0.0019624
0.0018518
0.0016988
0.00010026
0.00068017
0.0014586
0.00015207
0.00093835
0.0009432
0.0011146
0
0.00027018
0.0025257
0.0042922
2.942e-05
0
0
0
0
0
0
0
0
0
0
0
0
0
0
0
0
0
0
0
0
0
0
0
0
0
0.0019766
0.001184
0
0
0
0
0
0.00024054
0.0018193
0.00078784
0
0
0
0.00033673
0.0017281
0.0016924
0.0014015
0.002628
0.00098445
0.00018249
0.00014969
0
0.0005279
0.00065785
0.0012573
0.0023726
0.0012263
0.00023983
0.00027622
0.00097773
0.00081511
0.00090709
0.00022849
0
0
0
0.00039271
0.0015872
0.0044701
0.00032047
0
0
0
0
0
0
0
0
8.9765e-05
0.00022908
6.5786e-05
0
0
0
0
4.9133e-05
0.0017121
0.00064787
0.00044791
2.7027e-05
3.6067e-05
0
0
6.5809e-05
0.0014075
0.00089953
0.00031257
0.00011804
0.00016713
0
0
0.00012027
0.00018513
0.00023663
0.00051826
0.00117
0.0021489
0
0
8.5235e-05
0.0013498
0.0012053
0.0012349
0.00055678
0.00075285
0.0012244
0.0016704
0.0017923
0.00056005
0.00028535
0.00077862
0.00074479
0.00021788
0.00012419
8.912e-05
0.00050493
0
2.7982e-05
0
0
0.00013094
0.00011294
0.0020398
0.0024775
0.0011998
0
0
0
0
0
0.00096495
0.0047279
7.3212e-05
0.00035476
0.00034543
4.7449e-06
0
0
0
0
0.00056864
0.00077338
0.001019
0.00060939
0.00049234
0.00023169
7.3757e-05
0.00018315
0.0032055
0.0018457
0.0008138
0.0011376
0.0032193
0.002171
0.00074497
0
0.0015241
0.00031229
0.00123
0.0011978
0.00073282
8.2279e-05
0.00050259
0.0042356
0
0.00087996
0.0017216
0.0014112
0.00043727
0.0013764
0.0015949
0.0008958
0.00041287
0.00057827
0.0012627
0.0010175
0.00040588
0.00040059
0.00037222
0.00034565
0.00014028
0.00013812
0.0012614
0.0004265
0.00012064
0.00026766
0.00033742
0.00060412
4.6113e-05
6.0722e-05
0.00012977
0.00025245
0.00023501
0.00027245
0.00024652
0.00099514
3.4216e-05
0.00012316
0.00070184
0.00024293
0
0
0
0
0.00051759
0.00055289
0.0010723
0.00087127
0.00045466
2.9035e-05
8.5533e-05
0.00017196
0.0010204
0.0013288
0.0015156
0.0030783
0.00029976
0.00044622
0.00062951
0.0018423
0.0012974
7.0733e-06
0.00029845
0.0012603
0.0031997
0.0003117
0.0008129
0.0021207
0.0013809
0.0013365
0.0013456
0.00042325
0.00079989
0.0014019
0.0012049
0.00052312
5.5118e-05
0.00082383
0.0015383
0.00081862
0.00013936
0.00016563
0.00030285
0.00057783
0.00020128
0.00047811
0.00057342
0.00072704
0.00023231
0.00018078
0.00024302
0.00032193
0.00063651
0
0.00094154
0.00069676
0.00021263
0.00032162
0.0012315
0.00075002
0
0
0
0
0
0
0
0
6.1866e-05
5.6454e-05
0.0010346
0.00083076
9.3678e-05
0
0
0
0.00068109
0.00050273
0.0019497
0.0014984
0.00060571
0.00041484
0.00049272
0.000263
0.00044175
0.00020994
0.0012856
0.0022541
0.001197
0
0.0010849
0.0012878
0.00046611
0.00015436
0.00086559
0.00093841
0.00024675
0.00030644
0.00048321
0.00039072
0.00051831
0.0007761
0.0016
0.00078881
0.00042517
0.0003059
0.00043121
0.00082883
0.00037079
0.00030972
0.001122
0.00072744
7.3599e-05
0.00016828
0.00043226
0.0011057
0.00014314
0.0001094
0.00045679
0.00088432
0.0001123
0.00031639
0.00013953
0.00012952
0
0
0
0
0
0
0
0
0
0
0
0
0
0
0
0
0
0
0.00014885
0.0010415
0
0
0
0
0.00019917
0.00011959
0.00025828
0.0029529
0.00023041
7.8026e-05
0.00060335
0.00025229
9.4071e-05
0.00015173
0.00014941
0.002847
0.00059906
7.5883e-05
0.00030368
0.00025695
0.00019823
9.5506e-05
0.00024881
0.0029414
0.0012089
8.191e-05
7.7055e-05
0.00046832
9.4667e-05
9.5149e-05
0.00027857
0.0030588
0.0016475
0
1.7242e-05
9.185e-05
0
0
0
0.002443
0.0027562
0
3.5367e-06
0
