0.02053
0.015072
0.02811
0.039507
0.022714
0.025456
0.033413
0.067364
0.0050789
0.0022052
0.002641
0.0076912
0.0036321
0.0060989
0.002994
0.003419
0.0098558
0.0071485
0.0098474
0.0066067
0.0067754
0.010664
0.0081727
0.01054
0.0043802
0.0048753
0.0052364
0.0094339
0.0048389
0.003923
0.01243
0.019068
0.0012147
0.00084293
0.010385
0.015776
0.0074672
0.0047694
0.0098165
0.034337
8.5962e-05
2.9624e-05
0
0
0
0
0
0
0.0023223
0.00043935
0
0.00052903
0.00050122
0
7.5527e-05
0.00060795
0.0069975
0.003627
0.0015659
0.0021265
0.003235
0.0049068
0.0021324
0.0021258
0
0
0
0
0.00022046
0.0014214
0.00037529
0.00036273
0.00017461
0
0.0013007
0.0022643
0.0011915
0.0058118
0.0015945
0
0.001469
0.0014726
0.00094343
0.0044147
0.0015064
0.00028708
0.0007109
0.0025586
0.0029764
0.0036186
0.0082612
0.0036899
0.0034211
0.0042497
0.0054275
0.0025423
0
8.2705e-05
0.00029658
0.00016612
3.5317e-05
8.6369e-05
0.00023755
0.0055784
0
0
0
0.00018732
0
0.00041202
0.010014
0.0033471
0.005289
0.0048753
0.0053229
0.0096092
0.0046654
0.0032292
0.0016627
0.0031933
0.000483
0.00056219
0.0057932
0.0033478
0.0015202
0.0030457
0.0050433
0.0016113
0.00036078
0.00036453
0.0019378
0.0079692
0.0046306
0.0011341
0.0022362
0.0011429
0
0
0
0
0
0
0
0
0
0
0
0.00012044
0
0
0.0011883
0.011855
0.00017284
0
0.00052332
0.0013758
0.00048676
0.00034259
0.00038037
0.015835
0.00019807
0
0.0017254
0.0035034
0.0010932
0.00052877
0.0023344
0.015839
0
0
0
0
0
0
0
0
0
0
0
0
0
0
0
0
0
0
0
0
0
0
0
0
0
0
0
0
0
0
0
0
0
0
0
0
0
0
0
0
0.0022125
0.00020131
0
0.00094754
0.0016296
0
0
0
0.00045029
0
0
0.00028202
0.00041894
0.00068755
0.00025669
0.00059588
0
0
0
0
0
0
0
0
0
0
0
0
0
0
0
0
3.5925e-05
0
0
0
0
0
0
0
0.0010416
0
0
0
0
0
0
0.00019556
0.0011199
0.00043935
0
0.00032307
0.0003414
0
0
0.00041239
0.0025521
0.00043627
0.0012273
0.00051819
0.00072711
0.00037923
0.00044279
0.00082707
0.0018293
0.0023712
0.00025911
0.0001382
0.00065415
0.0038369
0.00073317
0.0006532
0.00016416
0.00043331
0
0.00039963
0.00012435
0.00094504
0.00085466
0.00041235
0
0
0
0
0
0
0
0
0
0
0
0
0
0.00019279
0
0
0.00017461
2.9624e-05
0.00045044
0.00078428
0.00092129
0.00051088
0
0
0
0
0.00014738
0.00078888
0.0001497
0
0
0
0.00012933
0.00037701
0.00025047
0.00029959
0.00050054
0.00028708
0.0001882
0.00021562
0.00081916
0.0020544
0.0013067
0
0.00087292
0.0013696
0.001119
0.0007245
0.0013414
0.00032872
0.0026358
0.00061689
0.00074195
0.001539
0.0015943
0.00091396
0
0
0
0
0
8.5165e-05
0.00068851
0.002111
0
0
0
0
0
0
0
0.0013645
0
0
0
0
0
0.0046559
0.0011663
0
0
0
0.00085023
0.0012099
0.00027023
0
0
0
0
3.5925e-05
0.000286
0.0023359
0
0
0
0
0.000554
0.0003925
0.00011462
0.0011678
0.00067937
0
0.00016659
0.0014831
0.00043333
0.00048217
0.0017665
0.0023941
0.0019924
0.0017354
0.0025123
0.00055073
0.00054081
0.00073165
0.0014729
0.00057228
5.1811e-05
0
0
0.00059381
0
0.00020667
0.00096978
0.00024783
0
0
0
0
0
0
0
0
0
8.6369e-05
0
0.0014465
0
0
0
0
0
0.00086422
0.0032105
0
0
0
0
0.00012785
0
0
0.0031341
0
0.00097022
0.0027342
0.0018888
0.00091395
6.6242e-05
0
0
0
0.0046059
0.0028083
0.00093967
0.00051594
0.00048725
0.00037004
0.00010991
0.0016585
6.4264e-05
6.2016e-05
0.00050867
0.00017877
0
0.0033466
0.0048763
0.00038338
0
7.8882e-05
0.0028616
0.0010234
0
0.00019183
0
0
0
0.00025301
0.00046239
0.0015518
0.0014521
0.00034039
0
0
3.8692e-05
0
8.6219e-05
0.0019592
0.00094669
2.9624e-05
0.00040113
0.00031057
0
0
0
0
0
0
0
0
0
0
0
0
0
0
0.0040978
0.0030884
0.00034027
0
0.0019794
0.003244
0
0
0
0.00025876
0
0
0.000537
0.0039205
0.00389
0.0018737
0.00040705
0
0
0.0001999
0.00086232
0.0003749
0.00068313
0
0.00090129
0.00046425
0.00041873
0.00022139
0.0013872
0.0013088
0.00021585
0.00030236
0.00018434
0.00063765
0.00032209
5.4719e-05
0.00053449
0.0010821
0.0010131
0.00050113
0.0012685
0.00057382
0
0.00013951
0.00086335
0.0016343
0.0009635
0.00020161
0.00047418
0
0
0
0
0
0
0
0
0
0
0
0
0
0
0
0
0
0
0
0
0
0
0
0.00074126
0.0063211
0
0
0.00012299
0.00092488
0.00022192
0
0.00073911
0.0066896
0.00017284
0
0.00013634
0.00050493
0.00023825
0.00053298
0.00067155
0.0016768
0
0
0.0006022
0.0011109
0.00048082
0
0
7.936e-05
0
0
0.00081287
0.0018744
0.0006449
0.00034057
0.00092558
0.00024095
0.00019807
0
0.00089644
0.0016969
0.00061231
0.00019278
0.00077891
0.00071887
0
0
0
0
0
0
0
0
0
0
0
0
0
0
0
0
0
0
0
0
0
0
0
0
0
0
0
0
0
0
0
0
0
0
0
0
0
0
0
0.006029
0
0
0
0
0
0
0
0.0076161
0
0
0
0
0
0
0
0.0074897
0
0
0.00018428
0.00058527
6.8351e-05
5.6802e-05
0.00038331
0.0072761
