0.021162
0.019806
0.023789
0.03581
0.030487
0.02949
0.033136
0.060003
0.0092101
0.0080552
0.0051037
0.0052615
0.013708
0.012005
0.0054929
0.0079319
0.0055089
0.0065277
0.0067736
0.0057209
0.0056885
0.0073851
0.0080337
0.0059425
0.0038955
0.0043631
0.008224
0.012634
0.0042648
0.0071363
0.016628
0.021659
0.0025478
0.00086026
0.0036873
0.012194
0.0068261
0.0029641
0.0029817
0.024469
0.0020459
0.002259
0.0010192
0.00092197
0.0014725
0.0029921
0.0022325
0.0017546
0.0019789
0.001563
0.0012711
0.0011997
0.0038552
0.0016985
0.00085629
0.0012894
0.002589
0.0019329
0.0033351
0.00092181
0.0016329
0.0031019
0.0029735
0.0017347
0.0018472
0.002486
0.0015119
0.0022766
0.0017513
0.0014945
0.0019732
0.002067
0.0011439
0.0012225
0.0012368
0.0020315
0.0053661
0.0059862
0.0013291
0.0020182
0.0034298
0.0025076
0.0012238
0.0010312
0.0029779
0.0013279
0.00053739
0.0023386
0.00067848
0.0013104
0.0012947
0.0010741
0.00091848
0.0018317
0.00212
0.0010575
0.000541
0.0010404
0.00089185
0.0014523
0.0013859
0.00090575
0.0010761
0.0010833
0.000342
0.00094423
0.0017211
0.0010322
0.00028573
0.0034262
0.010981
0.0033335
0.0015118
0.001582
0.0038769
0.0063286
0.0013872
0.00092238
0.00045794
0.0012618
0
0
0.00057299
0.00097644
0.00035082
0.0012234
0.0021477
9.6772e-05
8.344e-05
5.2159e-05
4.3938e-05
6.6925e-05
0
0
0
0
0.0013364
0.00025743
0.00095785
0.0016708
0.0014788
0.0016114
0.0041956
0.0029665
0.00098569
0.0015238
0.0014465
0.0033464
0.0011492
0.00085428
0.0012961
0.014388
0.0025848
0.0008482
0.0016277
0.0057662
0.0025415
0.00039441
0.00070147
0.01213
0
3.6232e-05
0.0015795
0.0055413
0.0037904
0.0010657
0.00022095
0.012065
0
0.00028155
0.0001987
0
0.00033043
0.0014093
0.00058187
0.00014637
0.00049302
0.0011095
0.00020669
0.00024483
2.7249e-05
0.00019645
0.00041519
0.00020809
0.00065539
0.0001896
0
0
0.00032589
0.00033869
6.1129e-05
6.8594e-05
0.00066086
0.00039033
0.00052581
0.00039013
0.00049267
0.00045457
0.00025171
0.00014926
0.00074731
0.00012736
0.00059771
0.00041701
0.00099296
0.0009043
0.00081298
0.00038515
0.00095051
9.0998e-05
0.0016478
0.00057012
0.00018067
0.00042805
0.0014813
0.0010512
0.00069221
0.00032972
0.00028043
0.00025334
0.00016392
9.8581e-05
0.0003356
0.00073481
0.00033831
0.00090915
0.00030237
0.0010674
0.00068523
0.000426
0.0004064
0.00029742
0.00072588
0.00034583
0.00010286
0.00022636
0.00072066
0.00075956
0.00080831
0.00058516
0.00058722
0.00052218
0.00051096
0.00045079
0.0002836
0.00056101
0.00037141
0.00068905
0.00028518
0.00040526
6.0931e-05
0.00042767
0.00042392
0.00029762
0.00026809
0.0010296
0.00035595
0.00057784
0.00059367
0.0002643
0.0022664
0.00050268
0.00031025
3.2057e-05
0.0010449
0.00072114
0.00051767
0
0.00031214
0.00025929
0
0.00025479
0
0.00093632
0.00057192
5.233e-05
0.00014197
0.0014951
0.00053276
0
0.00049413
0.0010709
0.00092908
0.00040114
0.00029232
0.00031079
0.0003559
0.0001535
0.00017516
0.00010913
0
0
0.00040648
0.0003022
0.00088863
0.00086104
7.8123e-05
0.00012517
0
0.00019415
6.5846e-05
0.00014724
0.00035626
0.00031663
0.00047038
8.1971e-05
0.00035024
0.00044219
0.000931
0.00090683
0.00026288
0.00046426
0.0010603
0.00061452
0.00023023
0
0.0031416
0.001416
0.00031334
0.00010045
0.00049102
0.00022214
0.00055394
0.00028519
1.3787e-05
0.00028286
0.0001673
0.00095775
0.00038428
0.00096891
0.00030816
2.9449e-05
0.00022747
0.001127
0.00018638
0.00023252
0
0.00011008
0.00044097
0.00015263
0.00010019
0.00033776
0.00066724
0.00023
0.00073746
0.0009954
0.00097418
0.0010873
0.00012428
0.00061001
0.00087691
0.00023586
0
0
8.6347e-05
0.00017511
0.00015434
0
0
0
0.00045532
0.0001224
0.00051249
0.0013302
0.00058496
0.0024216
0.00026136
0.0010534
0.00014008
0.0007534
0.00033558
0
0.0038638
0.0017085
0
0.00020559
0.00069088
0.0010567
0
0
0
0
0
0.00061453
0.00097228
0.00047709
0.00034041
0.00054033
0
0
7.7572e-05
0.00012531
0.00015303
0.00014482
0.00052292
0.00090605
0.00064941
0.00035145
0.0011101
0.00048348
0
0
0
0
0
0
0
0
0
0.00026709
0
0.00029108
0.00034859
0.00030441
0.00023727
0.00068113
2.4372e-05
2.4855e-05
0
0.00046474
0.00074672
5.1819e-05
9.1914e-05
0.00032369
0.00014836
0.00011936
0
1.4825e-05
0
0.0036895
0.0037641
0.00025315
0.00013271
0.00079235
0.0014005
0.00049684
3.6232e-05
0.00012546
0.00115
8.0761e-05
0.0007584
0.0015181
0.0019389
0.00052087
5.6268e-05
0
0
5.0245e-05
0.0010368
0.00015347
0.0001831
0.00040954
0.00073122
0.00081577
0.00034595
0.0010553
0
0
0
0
0
0.00071958
0.0010441
0.00022859
0
0
0
0
0
0
0
0
0
0
0
0
0
0
0
0
0
0
0
0
0
0
2.6363e-05
0
0
2.3122e-05
2.7249e-05
0
0.0002495
7.1999e-05
0.0030886
0.00040861
0
0
0
0.00055376
0
0
0.0029635
0.001446
0
6.0494e-05
0.0013888
0.0022423
0.00015292
4.2634e-05
0.00011199
0.00048878
2.0681e-05
5.323e-05
0.00036474
0.0026177
0.00037412
6.3975e-05
0
0
0
0
0.00032971
0.00062202
0.00030092
0.00050382
0.0009417
0
0
0
7.6142e-05
0.00018231
0.00012261
0
0
0
8.344e-05
0
0
0
0
0
0
0
0
0
0
0
0
0
0
0
0.00016513
4.5532e-05
0.00018795
0.0002456
8.309e-05
0.00018309
0.00076524
0.00025978
0.00022672
0
4.3938e-05
0.00046557
0.00048075
5.0186e-05
0.0019521
0.0026843
0
4.0856e-05
0.00032815
0.00028948
0.00017685
0
0.0011093
0.0068379
0
4.6564e-05
0.00087652
0.0021313
0.00014369
0
0
0.00049406
3.9299e-05
7.803e-05
0.00037883
0.0027116
0.00054637
0.00019768
0.00040672
6.054e-05
6.0243e-05
9.5932e-05
0.00046067
0.0013689
0.00058425
0
0
0
0
5.2159e-05
0.00065731
0.0013131
0.00093547
1.7234e-05
1.3125e-05
2.4372e-05
0
0
0.00032925
0.0015464
0.00055072
0.00010703
0.00012177
0.00037575
0.00042
0
0.00046312
0.00059377
0.00016872
0.00020057
0.00052955
0.00060273
0.00013988
0
0.00016529
3.315e-05
0.00019097
0.00037034
0.00068149
0.00036495
0.00038121
0.00045875
0.00027931
0.00037297
0.00049302
0.00036953
0.0001844
0.00025557
0.00042548
0.00026675
0.00033977
0.00018671
0.00027443
0.00041127
0.00039638
0.0061896
0.00045916
8.4041e-05
6.9792e-05
0.00049298
0.00020824
7.9575e-05
0.00042887
0.0061411
0.0021723
0.0002738
0.0003643
0.00095607
0.0003169
2.4494e-05
4.2565e-05
0.0054426
0
0.00015348
5.0186e-05
0.00108
0.00077801
0.00043376
6.8824e-05
0.0060453
0
0
0.00054104
0.001505
0.00099145
0.00013662
1.7234e-05
0.0052883
