0.022261
0.034159
0.038548
0.02331
0.033506
0.039873
0.045727
0.020204
0.0037592
0.0053532
0.0033175
0.0026974
0.010321
0.0099256
0.0023983
0.0018817
0.0063875
0.0082369
0.002235
0.0038307
0.011372
0.008877
0.0034624
0.0027941
0.0017927
0.0061293
0.0089761
0.0033199
0.0027443
0.007984
0.02261
0.0045076
0.010322
0.01444
0.02402
0.013462
0.0090683
0.013086
0.017257
0.01102
3.4471e-05
3.1238e-05
8.1068e-05
0.00013065
0.0016582
0.0010024
0
2.582e-05
0.00088257
0.00066431
0.00012638
0.0011713
0.0053317
0.00029665
0
0.0001562
0.0019163
0.0032345
0.00029902
0.0027374
0.0070232
0.0054994
0.00060167
0.00067928
0.0022845
0.0016137
0.00025188
0.00049296
0.0033916
0.00085778
0.00011153
0.00013093
0.0010307
0.0016329
0.0012352
0.00067531
0.0029841
0.0073064
0.00087839
0.00076952
0.0016366
0.002816
0.0016461
0.00064477
0.00034733
0.00075856
0.001303
0.00093021
0.0018149
0.0024504
0.0013315
0.00062733
0.00073507
0.0022732
0.0022316
0.0010037
0.0003424
0.00090776
0.00027043
0
0.00018145
0.0002355
0.00049064
0.00091622
0.0005096
0.0019085
0.0021026
0.00030729
0.00013954
0.00085166
0.0081177
0.00048891
0.00068035
0.0017236
0.0020341
0.00136
0.0015884
0.0029736
0.00090492
0.00082616
0.00091253
0.0022721
0.0029594
0.0013976
0.0013037
0.0022289
0.0022278
0.0014962
0.0035758
0.0026537
0.0027004
0.0041296
0.002871
0.0018336
0.0019838
0.0023509
0
0.00012532
0.00062146
0.00017772
0
0
0.0059242
0.00026091
0.00077761
0.002454
0.0044468
0.0013237
0.00098431
0.0041414
0.0070022
0.0023406
0.0020626
0.0060893
0.011902
0.0036745
0.0020779
0.0039835
0.0094097
0.0034051
0.0034787
0.0031433
0.0059867
0.0035468
0.002375
0.0048089
0.0031909
0.0040887
0
0
0
0
0
0
0
0
0
0
0
0
0
0
0
0
0
0
0
0
0
0
0
0
0
0
0
0
0
0
0
0
0
0
0
0
0
0
0
0
0
0
0
0
0
0
0
0
0.00040977
3.4925e-05
0
0.00019009
0.0024803
0
0
0
0.00029764
0
0
0.00022689
0.00016053
0
0
8.4226e-05
0
0
0
0
0
0
0
0
0
3.1238e-05
5.3362e-05
0
0.0016582
0.00064133
0
0
0.00026612
0.000267
0.00012905
0.00036912
0.0036848
0.00029665
0
9.7351e-05
0.00058425
0.00022718
0
0.00074548
0.0016469
0
0
2.5368e-05
0.00014634
0
2.2089e-05
0.0012932
0.00089788
0.002968
0.00010226
0.00018629
0.0013199
0.0023775
0.00027693
0.0011187
0.0051838
0.0020261
0
0.00043221
0.0020595
0.0021466
0.00015052
0.00023596
0.0013198
0.00063058
0.00019356
9.4263e-05
0
0.00019607
0
0
0.00023494
0.0002914
5.9245e-05
0
0
0
0
0
0
0.00090799
0
0
0.00020491
0.00046899
0.00052335
5.9758e-05
0.0022283
0.0017879
0.00023529
0.00024686
0.00029099
0.00055452
0.00033791
6.1563e-05
0
0
7.3946e-06
5.2118e-05
6.2326e-05
0.0001406
8.0617e-05
0
0
0
0
0
0
0.00023952
0
0.00014816
0
0.0010522
0.0022066
0.00036078
0.0015707
0.0021112
0.00096442
0.00063999
0.00064524
0.0011026
0.00015615
0.00047651
0.00025015
0.00057111
0.00010136
0
3.2718e-05
3.6022e-05
0.00034901
0.00038592
0
0
0
0
0
0
1.8344e-05
0
0
0
0
0
0.00062222
0.004181
0.00037963
0.00023283
0.0006216
0.00085815
0.00061551
0.00047419
0.00013361
1.4502e-06
7.6965e-05
0.0002738
0.00081624
0.0015454
0.00052478
0.00034092
0
0.00045921
0.00032171
0.00025234
0.00052176
0.00031336
0.00044383
0.0002995
0.0001178
0.00015005
0.00073643
0.00060469
0
6.4113e-05
8.8782e-05
0.00016981
0.00033197
0.00059653
0.00030889
0
0
8.3067e-05
0.00020857
0
3.6687e-05
0
2.0509e-06
0
8.8215e-05
0.00018508
0.0003096
2.2184e-05
0
7.7145e-05
3.4471e-05
4.7274e-05
0.00010946
0
0
0
5.9662e-05
5.5583e-05
0.00010208
0.00051988
0
0.00043174
0.00020633
4.3117e-05
0
0.0014751
0.0033429
0
0.00064243
0.0010524
0.0013128
0.00020373
5.7899e-05
1.9725e-05
2.2089e-05
8.1593e-05
0.00024045
0.00083356
0.0012154
0.00050623
4.6456e-05
0.0003251
0.00062312
0.00056777
0.00017679
0.00040798
0.00043031
0.00066843
0.0013016
0.0011179
0.0003545
0.00010519
2.1412e-05
0.00020229
6.1669e-05
0
9.4061e-05
0.00010516
2.4653e-05
0
0.00019337
0.00048131
0.00031967
0.00010883
9.8624e-05
0.00017216
0.00012131
0.00023574
0.00014636
0.00066828
0.00086331
0.00043636
0.00047384
0.00034543
0.00017361
0.00010403
0.0010945
0.00025693
0.00018899
0.00077043
0.00063974
0.00025312
3.3101e-05
0.00073864
0
0
0
0
0
0
0.0020068
0.00037816
5.1117e-05
0.00033113
0.00046108
0.0001446
8.1637e-05
0
0.0021764
2.9149e-05
7.251e-06
0.00033336
0.00039019
0.00011296
0.0001266
0.00081894
0
0
0.0001954
0.00046869
0.00030688
7.2371e-05
0.00017145
0.00077044
7.591e-05
6.6301e-05
0.00010285
0.00039633
0.00067237
0.00016844
0.00011321
0.00018164
0.00076557
0.00043478
0.00061631
0.00075425
0.0013489
0.00045883
0.00033638
0.00096718
0.00082121
0.00068604
0.00090265
0.00082668
0.0016184
0.0012768
0.00066065
0.00060389
0.00063545
0.00047674
0.0010061
0.00084565
0.00020526
0.0012112
0.00074999
0.00030577
0.0011197
0.00067769
0
0
0
0
0
0
0
0
0
0.00022176
0.00070887
0.00017772
0
0
0.004007
0.00026091
0.00019837
0.00011986
0.00022959
2.5942e-05
4.9397e-05
0.0003874
7.1428e-05
7.0427e-05
0.00014081
0.00070219
0.00047212
0.00017052
0.00018323
0.0004447
0.00062858
0.00017772
0.00018211
0.00055214
0.00072956
0.00029312
0.00058333
0.0010248
0.0012306
0.00055221
0.00083688
0.0011821
0.0025525
0.00094905
0.00088539
0.0015716
0.0013818
0.00038823
0.0011411
0.0015548
0.0019282
0.0008959
0.00050389
0.00054392
0.00068971
0.0008473
0.00057668
0.001126
0.00092267
0.0010568
0.00085821
0.0015028
0.00042462
0.00021564
0
0
0
0
0
0
0
0
0
0
0
0
0
0
0.0020623
0
0.00011644
0.00036987
0.0003113
0.00041404
0
0
0.002286
0.00064582
0
0.0015943
0.0018598
0.00036056
0.00040615
0.0014297
0.0033466
0.00077924
0.00024361
0.0010778
0.0023503
0.00114
0.00082909
0.0013678
0.0030014
0.00090386
0.00052502
0.0014004
0.0026706
0.00094632
0.00058746
0.0004486
0.0020851
0.0015702
0.00032871
0.0013696
0.0032146
0.0011907
0.00058282
0.0018117
0.001266
0.0014935
0.00092309
0.00058019
0.00056684
0.00050139
0.00013136
0.00067185
0.00032311
0.00083907
