0.035546
0.011619
0.011539
0.027355
0.063102
0.021111
0.020364
0.065033
0.011648
0.0031928
0.002645
0.0060496
0.027088
0.011607
0.0040714
0.005924
0.011274
0.005087
0.005925
0.011757
0.022647
0.005479
0.0030373
0.0066804
0.0072203
0.0017602
0.0027896
0.0073506
0.008111
0.0023232
0.012049
0.023563
0.0054038
0.0015793
0.00017941
0.0021981
0.0052558
0.0017022
0.0012071
0.028866
0.0027893
0.00077289
0.00055782
0.002501
0.0048833
0.00079254
0.00044914
0.0019826
0.0019806
0.00022602
0.00047704
0.0025384
0.010499
0.0010539
8.2785e-05
0.0020905
0.0052061
0.002108
0.0014363
0.002385
0.007754
0.0020445
0.00044852
0.00095532
0.0042828
0.00099746
0.0020558
0.0032914
0.0052107
0.0014354
0.0015296
0.0037909
0.0021337
2.7379e-05
0
0.00017234
0.0070548
0.0069248
0.001642
0.00091858
0.0046786
0.0021666
0.0012911
0.00047835
0.0035958
0.0026886
0.0016045
0.00093236
0.00018025
0.0013545
0.0021968
0.0025176
0.0018152
0.0013885
0.000312
0.00013523
0.0014954
0.0006271
0.00032197
0.0031734
0.0082638
0.0006107
0.00074717
0.0016763
0.0014911
0.0005973
0.00059642
0.00092426
0.00096924
0.00073401
0.0096549
0.0050613
0
2.614e-05
0.0011849
0.0027436
0.0006478
0.00067312
0.00077242
0.0026978
0
0
7.262e-05
0.00028139
0.00045822
9.9299e-05
3.7241e-05
0
0.00048285
0.0002119
0.00010679
0.00087707
0.0016836
0.00020678
0.00052671
0.00056796
0.0031551
0.00057866
0.00083667
0.0027361
0.0043553
0.00078234
0.00091324
0.0028823
0.0021271
0.00046827
0.00040482
0.0012334
0.0020233
0.00018671
0.001001
0.012564
0.0019509
0.00053476
0
0.0005325
0.0022795
0.00092673
0.00023066
0.015788
0.0024791
0.00067152
0
0.00030715
0.00071584
0.00029807
0.00020738
0.012453
0.00077402
0.00033084
0.00011483
0.0006336
0.00065334
0.00028036
0.00019876
0.00013708
0.00055381
0.00012326
0.00038413
0.0007604
0.00078653
0.00023415
0.00025038
0.00049562
0.00046739
0
0
2.4676e-05
0
0
0
0.00053634
0.00055019
3.331e-05
0.00020904
0.00072197
0.00041873
0
8.2785e-05
0.00022672
0.00095709
0.00014236
7.58e-05
5.3559e-05
0.0020001
0.00026776
0
0.00029328
0.0013886
0.00054085
0.00020609
0.00078556
0.0028431
0
0
0.00038203
0.00043395
0.00033367
0.0001363
0.00028212
0.00040137
0.00031697
0.00041784
0.00050088
0.00052281
5.2345e-05
0.00044086
0.001032
0.0011078
0
0.00058954
0.0013606
0.00072778
0.00024776
0
4.942e-05
0.0014026
0.00027803
0
0.00087607
0.00062917
0
5.8855e-05
0.00098218
0.0017533
0
0
0.00040947
0.00053909
6.5279e-05
7.0457e-05
0.00082466
0.0036987
0
0
0.00057471
0.0003865
0.00012743
0.00019754
0.00095651
0.0050352
0.0010539
0
0.00081706
0.0013234
0.00088434
0.00013583
0.00047233
0.0028115
0.0012873
0.00039729
0.00013961
0.0013506
0.00038873
0.00079907
0.0006629
0.00040579
0.00048939
0
6.7527e-05
0.0012825
0.00014754
0.0004254
0.00084787
0.0018021
0.00068702
0.0003841
0.00096243
0.0017121
0.00019431
0.00036752
0.00079897
0.0018763
0.00025411
7.8248e-05
0.000967
0.00085283
0
0
0
0.0010813
0.00035129
8.658e-05
0.00040396
0.0011606
0
0
0
0.0042256
0.0026805
0
0.00035855
0.00012104
0.00016822
0
0
0.0033328
0
0
0
0.0015048
0.00042522
0.00035313
0.00032364
0.00017972
0.00014897
0.00010617
0.00019996
0
0.00077374
0.00087442
0.00030732
0.0023097
0.00094543
0.00017224
0.0002261
0.00018025
0.00068002
0.0011928
0.0016029
0.00024535
0.00057305
0.00029925
0
0.0011081
0.00011973
0.00022444
0.00039633
0.00045078
0.0005761
0.00029742
0.00064265
0.00029503
0.00017877
0
0.00074343
7.5071e-05
8.9519e-05
0.00057361
0.00073331
0.00012025
2.7379e-05
0
0.00011929
0.00054336
0.0037956
0.0008934
0.00015606
0
0
0
0
0.00072637
0
0
0
0.0018588
0.0015105
0.00076045
0
0
0
0
0
0.001194
0
0
0
0
0.0023569
0.0013261
0.0005063
0
0
0
0
0
0
0
0
0
9.4994e-05
0.00029232
0.0003051
0
0
0
0
0
0.00016533
7.3661e-05
0.00107
0.0025311
7.0756e-05
0
0
0
0
0
0.00014199
0.0051835
0
0
0
0.00027187
0
0
0.00019474
0.00090602
0.00020515
0.0036935
0.00026816
0
1.6451e-05
3.4977e-05
0
0
0
0.0022468
0.00034169
0
2.614e-05
0.001366
0.0017213
0
0
0
0
0
0
0
0.0010141
0.0008127
0.00051903
0.0001997
5.1629e-05
0
0
0
0
0
0
0
0
0
0
0
0
0
0
0
0
0
0
0
0.00026057
0.0009526
0.00020878
8.6593e-05
0
2.4676e-05
2.4676e-05
0
0.00040986
0.00021336
0
4.97e-05
7.0698e-05
0.0004014
0.00034144
0
0.00061149
0.00019668
0
0.00057079
0.00026356
0.0003186
2.9657e-05
0.00015577
0.00017109
0.00015087
0.00045506
0.0032898
0.003572
0
0
0.00035754
6.1754e-05
0
0
0.00039054
0.00076168
0
0
0
0.00010104
0.00024131
0.0001541
4.6091e-05
4.0713e-05
0
0
0
0
0
0
0
0
0
0
7.262e-05
0.00028139
0.00020928
3.1321e-05
0
0
0.00021776
0
0
0
0.00069177
2.1449e-05
0.0001804
0.00043835
0.00024042
0.00011139
7.0009e-05
0.0001317
0
0
7.4754e-05
5.8912e-05
0.00059484
0.00015966
0.00047896
0.00062692
0.00048232
8.3973e-05
0.00030565
0.00054419
0.0014006
0.00020228
5.7753e-05
0.00030219
0.0010361
0.00039807
8.2389e-05
0.0016906
0.0010167
0
5.9761e-05
0.00024346
0.00055327
5.7046e-05
0.0012889
0.0060104
7.6499e-05
9.0724e-05
0
0
0
0
0.00011723
0.007223
0
0
0
0
0
0
0
0.0024596
0
0
0
0
0
0
0
0
0
0
0
0
0
0
0
0
0
0
0
0
0
0
0
0
0.00045478
0.00014902
0.00010547
0.0006326
0.0011889
0.00024094
0.00016168
0.00065103
0.00021637
0.00027744
9.5274e-05
0.001069
0.001306
2.4676e-05
7.5026e-05
0.00042963
0
0.00019567
5.8682e-05
0.00065533
0.00088688
0
0
0
9.7572e-05
2.7156e-05
0.00021547
0.0001974
0.00051856
0
0.00012154
0.00065939
0.00064577
0.00015588
7.0912e-05
0.00041025
0.00086139
8.0317e-05
0.00014829
0.004616
0.0008633
0.00023184
0
0
0.00011705
0.00020157
0
0.0082659
0.00040096
0.00011427
0
0.00030715
0.0011893
0.00017917
0
0.0072068
0.0006955
0
0
0
0
0
0
0.0053058
