0.028557
0.027653
0.045644
0.036132
0.024535
0.031079
0.034614
0.028182
0.010198
0.0072376
0.00318
0.0045622
0.0040906
0.0028029
0.00188
0.003219
0.007133
0.0041155
0.0019142
0.0023396
0.0077138
0.007897
0.0037948
0.0073543
0.0044513
0.0088708
0.019611
0.0098499
0.005238
0.010476
0.014355
0.0074333
0.006775
0.0074289
0.020938
0.01938
0.0074922
0.0099033
0.014584
0.010176
0
0
0
0
0
0
0
0
0.0027615
0.0020926
0.00015229
0.00023585
0.00013118
0
0
0
0.0027242
0.0017728
0.0014042
0.0013269
0.0042792
0.0036027
0.0017336
0.0013967
0.0023653
0.0012234
5.3217e-05
0.00041609
0.0021404
0.0020814
0.00024943
0.00055313
0.0014379
0.0020219
0.00036194
3.9405e-05
6.8912e-05
0.0010983
0.00013906
0.00064762
0.0056792
0.0028697
0.0021213
0.0042651
0.0038905
0.0016477
0.0016111
0.0025714
0.0017033
0.0011928
0.00092166
0.00048079
0.00070025
0.0013752
0.0011355
0.0026551
0.00017895
0.00011296
0
4.227e-05
0.00056209
0.00083768
0.00067622
0.0025468
0.00026109
0.0021337
0.0012452
0.00071519
8.7479e-05
0.0030479
0.001082
3.6755e-05
0.001493
0.0026457
0.0017629
0.0011578
0.00060153
0.0012835
0.00079271
0.0015113
0.0010838
0.0017688
0.0026124
0.0019966
0.0011871
0.0021488
0.0018526
0.00095592
0.0017953
0.0011725
0.0021203
0.0023069
0.0019592
0.001655
0.0010873
0.0020688
0.00046268
0.00050429
0.0023748
0.0014541
0.00079254
0.00044556
0.0035506
0.0013252
0.0022413
0.0035343
0.013665
0.0059571
0.0036168
0.0050045
0.008801
0.0045138
0.0025142
0.0031872
0.010527
0.010151
0.0028938
0.0040589
0.0074353
0.0043065
0.0016389
0.0011485
0.0049966
0.0050094
0.0013512
0.0024544
0.0037902
0.0026497
0
0
0
0
0
0
0
0
0
0
0
0
0
0
0
0
0
0
0
0
0
0
0
0
0
0.0012006
0
0
0
0
0
0
0
0
0
0
0
0.00092835
0
0
0
0.00018002
0.00024995
0.0001157
0
0
0
0
0.00091456
0.00018103
2.3667e-05
0
0.00020982
1.9988e-05
0
0.00014029
0.00051499
0
0
0.0001306
0.00013222
0.00042275
6.0918e-05
9.7202e-05
0
0
0
0
0
0
0
0
0
0
0
0
0
0
0
0
0.00049419
0
0
0
0
0
0
0
0.0015395
0.000892
0.00015229
0.00012213
0.00013118
0
0
0
0.00055591
7.7705e-05
6.6355e-05
0.00080781
0.0033283
0.0021195
0.00098667
0.001023
0.0017977
0.0013994
0.00094578
0.00046622
0.00052518
0.00046881
0
0
0.00096684
0.00091684
2.955e-05
0.00033639
0.0013822
0.0011248
0.00015449
0.00035786
0
0.00012552
0
0
0.00074994
0.00052161
3.402e-05
0.00014865
0
0
0
0
0
0
0
8.8746e-05
0.00090868
0.00063454
0
0
0
0
0
0
0.0033984
0.00062367
0.00035856
0
0.0001473
1.8711e-05
2.9269e-05
0.00013219
0.00011251
0.00015888
3.4621e-05
0.0010265
0.00030488
3.2724e-05
0
0
0.00105
1.7458e-05
0.0003296
0.00040219
0.00028197
0.0010914
0.0013809
0.0026315
0.00076424
0.00071586
5.4796e-05
0
0.00031884
0
0
0
0.00021405
0.0001157
0
0
0
0.00089963
0.00065518
0.00056147
0
0
0
0
0
0
0
0
0
0
0
0
0
0.00062396
9.1686e-05
0.00044332
0.00037622
0.0011028
0.00028346
3.9405e-05
6.8912e-05
0.00025757
4.7378e-05
0.00011556
0.0018632
0.0018911
0.0008889
0.0014187
0.0013109
0.000498
0.0009597
0.00084535
0.0010375
0.00020157
0.00065331
0.0017406
0.0021274
0.0010983
0.00058351
0.0015939
0.00013632
0.00018642
0.00065593
0.00012122
3.2787e-05
0.00021372
0.00022082
2.8701e-05
8.0568e-05
0.00021131
0.00011013
3.6755e-05
0.00015869
7.0068e-05
0
4.381e-05
0
0
0
0
0
0
0
0
6.5354e-05
0
0
0
0.00047635
1.6362e-05
0.00030177
0.0015844
4.538e-06
0
2.3106e-05
0
0
0.0019751
0.00015222
0
8.4589e-05
0.00098769
0.00052278
0.00013349
0
0
0
3.6755e-05
0.00016254
0.0012207
0.00039502
0.00040952
7.6261e-05
0
0.00010337
0.00011773
0.00043781
0.00028481
0
0
0.00011208
0.00059829
6.507e-05
0.00075474
0.00026459
0.00012397
0
0
0
0
0
0
0.0001065
0.0003607
0.00028671
0
3.4441e-05
0.00023079
0.00041064
0.00022036
0.00015258
0
0
0.00010786
0
0
0
0
0.00031677
0.00030072
0.00043977
0.00030606
0.00051315
0.00035305
0.00016801
0.00061382
0
0
0
0
0
0.0010004
0.00092974
0
0.00016531
0.001233
0.00050451
0.00036523
8.7479e-05
6.927e-05
0
0
0.00019904
0.00048254
0.00092609
0.00039259
0.00016283
0.00031902
0.00016406
6.5237e-05
0.00063766
0.00043762
0.00043151
0.00014658
3.5446e-05
0.00022528
0.00013425
0.00041431
0.000352
0.00057155
0.0001225
0.00043172
0.00038258
0.00055819
0.00034978
0.00020596
0.0002332
0.00028161
0.0014186
0.00076367
0.00056494
0.0011952
0.00049849
0.00029949
0.00075682
0.00077225
0.00042356
0.00071258
0.00041865
0.00015536
0.00059703
0.00059915
0.00023044
2.5103e-05
0.00062472
0.00083464
0.00011823
0.00048724
0.0004948
0.00042102
0
0
0
0
0
0.00022004
0.0010265
0
0.00018214
0.00028704
0.00046891
0.00026054
0.00012669
0
0
6.6479e-05
0.00056826
0.0011266
0.001446
0.00096008
0.00077996
0.00073015
0.0010775
0.000423
0.00062773
0.00067846
0.0029902
0.00092884
0.0009106
0.001591
0.001027
0.00060211
0.0005488
0.00049736
0.0022227
0.0011759
0.0013348
0.0015643
0.0016489
0.0015368
0.00072211
0.00093573
0.002688
0.0024351
0.00032226
0.00025016
0.0012213
0.0011246
0.00056062
0.00051086
0.0014472
0.00161
0.00087643
0.00096666
0.00053729
0.00086129
0.00032422
0.00024698
0.0014159
0.0017894
0.00053092
0.00095544
0.00051092
0.00070697
0
0
0
0
0
0
0.00017921
0
0.00031358
0.00021725
0.0014017
0.00068717
0.00033173
3.2535e-05
0.0016474
0.0011369
0.00046968
0.0010869
0.0034522
0.0012929
0.00075327
0.0010998
0.0032752
0.0014838
0.00066456
0.00054877
0.0043802
0.0025262
0.00038615
0.0014588
0.0022234
0.0012354
0.0005758
0.0004466
0.0027512
0.0033258
0.00078292
0.00082913
0.0018475
0.0012791
0.00019437
0.00096611
0.0025753
0.0024846
0.00040571
0.00083218
0.0018881
0.00062549
0.00077028
0.00015821
0.0015113
0.00092417
0.00062851
0.00062454
0.001662
0.00034948
0.00015991
0.00057406
0.0013078
0.0007003
0.00015843
0.00031109
0.0009458
0.00079031
