0.026546
0.016178
0.021615
0.042491
0.050411
0.031098
0.03487
0.030047
0.010223
0.0046985
0.0032908
0.011706
0.020832
0.018028
0.0037727
0.0017797
0.0097812
0.0058244
0.0050236
0.019133
0.025343
0.0045961
0.0007299
0.0013112
0.0016426
0.001805
0.00067138
0.00031462
0.00060543
0.0018534
0.0091926
0.0058087
0.0048987
0.0038499
0.012629
0.011338
0.0036309
0.0066207
0.021174
0.021148
0
0
0
0
0.0052871
0.0014572
0
0
0.00098057
0.00033881
0.00051651
0.0071803
0.0091201
0
1.6315e-05
0.00015943
0.0063998
0.0042238
0.00028103
0.0023213
0.018531
0.0020712
0.00049366
0.00057445
0.0024043
0
0.00024784
0.001716
0.0015479
0.00010668
0
0.00067991
0.0014915
0.00074271
5.984e-05
3.4657e-05
0.0017223
0.013741
0.0023768
9.0234e-05
0.0077511
0.0035547
0.0026766
0.004084
0.004367
0.0027299
0.00099756
0.0013793
0.00097707
0.0016006
0.0041245
0.0023742
0.0051164
0.0022839
0.00023624
0.00020752
0
0
0.00035404
0.01309
0.00010331
4.45e-05
0
0
0.00048161
0.00021792
0
0
0
0
0.0070268
0.0017005
0.00087716
0.0013475
0.00063738
0.00031462
0.00059102
0.001715
0.0016446
0.001039
0.00072057
0.00086425
0.0016522
0.0019459
0.0012602
0.0025243
0.0026993
0.0026825
0.00060564
0.00055434
0.0018129
0.0018446
0.0010129
0.00061492
0.001063
0.0017572
0
0
0
0
0
0
0
0
0.0001757
0.00030183
3.3995e-05
0
0
0
0.00081331
0.0029949
0.0021585
0.0017876
0.0047644
0.0043275
0.00058452
0.0028545
0.0072209
0.0092212
0.0014686
0.00064373
0.0044535
0.0026664
0.00067765
0.0009152
0.0096051
0.0073773
0
0
0
0
0
0
0
0
0
0
0
0
0
0
0
0
0
0
0
0
0
0
0
0
0
0
0
0
0
0
0
0
0
0
0
0
0
0
0
0
0
0
0
0.00033036
0.0049478
0
0
0
0.0029199
0
0.00024784
0.0023481
0.0016063
0
0
0.00067991
0
0
0
0
0
0
0
0
0
0
0
0
0
0
0
0
0
0
0
0
0.0047892
0.00089958
0
0
0.00015199
5.3021e-05
0
0
0.0084266
0
0
0
0.00075651
0.00017744
0.00046843
0.0062239
0.0011914
0
0
0.0001272
0.001777
0.0013663
0.00015
0.0020922
0.0078798
0.0003737
0.00020964
0.00032415
0.0038187
0.0023561
0.00017911
0.00022314
0.0043049
0.0015137
0.00030033
0.00028253
0.0003226
0
0
0
0.00037532
0.0002905
0
0
0
0
0
0
0
0
0
0
0
0
0
0
0
0.0047457
0
0
0.00054233
0.00018843
0
3.4657e-05
0.0017223
0.0036419
0
0
0.0041533
0.00051815
0.00014179
0.00023589
0
0
0
0
0.0024342
0.00040476
0
0.00010896
0.0016413
0.00080917
0.00074538
0.0013518
0.00069845
0.00045408
0
1.6115e-05
0.0045245
0.0013128
6.5757e-05
0.00011983
0.00021954
0.001397
0.0028879
0.0010337
0.00035881
0.00026066
0.00016979
7.4408e-05
0
0
0.00080017
0.00023137
0
0
0
0
0
0
0
0
0
0
0
0
0
0
0
0
0
0.0059106
0.0016056
0
0.00071563
0.00042836
5.984e-05
0
0
0
0
9.0234e-05
0.0013164
0.0026044
0.0023551
0.0034414
0
0
0
0
0
0
0
0.00029772
0.0020066
0.0018474
0.00018642
0
0.00011397
0.00035929
0.00055628
0.00037725
0.00020193
0.00014241
0
4.0848e-05
0
0
5.2529e-05
0.00054696
0.0013306
0.00037315
0
0
0
0
0
0.0046876
0.00025905
6.8538e-05
0
0
0
0
0.00035404
0.0067471
0
0
0
0
0
0
0
0
0
0
0.005006
0
0.00020396
0.0002893
0
0
0
0
0.00082238
3.6483e-05
6.3709e-05
0.0004283
5.9093e-05
0
0.00014323
0.0010274
0.00014453
0
0.00031358
0.0005827
0.00025137
0.00014536
0.00026997
0.00013929
6.9571e-05
9.1247e-05
0.00014421
6.7326e-05
0.00010632
0.00017648
0.00025143
0.0010725
0.00036399
0.0002561
5.1279e-05
4.2713e-05
0.00010956
0.00055717
0.00060492
0.00031358
0.0004913
3.9556e-05
3.8306e-05
0
0.00017123
0.00049439
0.00022532
0.000147
0
4.2408e-05
0
0
0.00030835
0.00018009
0.00021036
2.1012e-05
0
0
0
0
0
0
0
0
0
0
0.00023884
5.4533e-05
0
0
0
0
0.0019697
0.0015578
0.00026561
3.3995e-05
0
0
0
0.00021251
0.00078156
0.00046644
0.00029649
0.00011999
0.00013337
9.1196e-05
0.00025383
0.00025479
0.00027014
0.00023268
0.00010813
0.0001335
0.00011171
0.000465
0.00023111
0.0010785
0.0013082
0.00051765
0.0001082
0.00020371
0.00075403
0.00083962
0.00030255
7.9359e-05
0.00035274
0.00099217
0.00026789
0.0002488
0.00028242
0.00038439
0.00012809
0.00024252
0.00023889
0.00078994
0.00032716
0.00026864
0.00078264
0.00019413
0.00034239
0.00012273
0.00029416
0.00068558
0
0
0
0
0
0
0
0
0
0
0
0
0
0
0
0
0
0
0
0
0
0
0.0004002
0.0010409
0.0001145
0.00010163
3.3995e-05
0
0
2.4173e-05
0.00055641
0.0017671
0.0007229
0.0013243
0.0023736
0.0021917
0
0.0015029
0.0030627
0.0028499
0.00041235
0.00061928
0.00064923
0.00028315
0
0.00057561
0.0016188
0.0019277
0.00055686
0.0001251
0.00087217
0.0011283
0.00039989
0.00030285
0.00099237
0.0018006
0.00065517
0.00045475
0.00083183
0.00061127
0.00027647
0.00030727
0.0012636
0.0011951
0
0
0
0
0
0
0
0
0
0
0
0
0
0
0
0
0
0
0
0
0
0
0
0
0
0
0
0
0
0
0.00010712
0.00024386
9.1871e-05
6.0405e-05
0.00036312
7.2429e-05
0
0
4.868e-05
0.001266
0.00078432
0.00048271
0.0012995
0.00080846
0.00010671
0.00033444
0.002225
0.0040715
0.00044495
6.3869e-05
0.002155
0.00082288
0
0.0003713
0.0041467
0.0016719
4.6147e-05
0
0.0011584
0.00011223
4.5367e-05
0.00028545
0.0018527
0.0021975
