0.047081
0.01891
0.017142
0.04687
0.049604
0.023699
0.014516
0.036922
0.012616
0.0056117
0.0030239
0.0050508
0.010684
0.0049706
0.0020521
0.0049617
0.020242
0.0074204
0.0033464
0.014324
0.024838
0.012065
0.004996
0.010503
0.0039342
0.0017883
0.0032131
0.0091665
0.0045665
0.0025072
0.0014507
0.0024301
0.010288
0.0040897
0.0075587
0.018329
0.0095159
0.0041564
0.0060175
0.019027
0.0014661
0.00047483
0.00045571
0.00055313
0.0026729
0.00044626
0.0001653
0.00042667
0.00092656
0.00024995
0.00051102
0.0012704
0.0029442
0.00042474
5.0404e-05
0.00056508
0.0039288
0.0026789
0.00032852
0.0016887
0.0039854
0.0023388
0.00082732
0.0012412
0.0074518
0.0017631
0.00055118
0.0013957
0.0066929
0.0043718
0.0005856
0.0011826
0.0020119
0.0019909
0.0005362
0.00073175
0.001103
0.00086069
0.00055198
0.00050716
0.0080374
0.0026175
0.0012966
0.0024956
0.0035941
0.0024673
0.0011741
0.0033417
0.00386
0.0021565
0.0007621
0.0045948
0.0062341
0.0049081
0.0020426
0.0016671
0.0046709
0.00092079
0.0016492
0.0058054
0.0076223
0.00089833
0.0014707
0.0057072
0.00066669
0.00030116
0.0010112
0.00086183
0.00025723
0.00013792
8.4415e-05
0.00036384
0.00074274
0.00036923
0.00040185
0.0027149
0.0019009
0.0014828
0.00038641
0.00049177
0.0024364
0.0010613
0.00076595
0.0015106
0.0026051
0.001701
0.0014445
0.0045562
0.0063141
0.0017318
0.0038575
0.011684
0.0055215
0.0015382
0.0031799
0.012023
0.00096955
0.00057812
0.00033708
0.00086869
0.0012228
0.00051462
0.00031072
0.0010358
0.0015295
0.00060068
0.0015609
0.0044477
0.0011316
0.000514
0.00064443
0.00065974
0.00021314
0.00097583
0.0019728
0.0039347
0.00045736
0.00010151
0.00013977
0.00013108
0.0015145
0.00026904
0.0010681
0.001956
0.00069253
0.00099312
0.0012354
0.0023131
0.00021309
8.7918e-05
1.6332e-05
0
0.00014918
0.00015022
7.9088e-05
3.0065e-05
0.00058798
0.00019843
4.5482e-05
0
0.00023071
3.8224e-05
2.7759e-05
0.00028548
0
4.3585e-05
0
0
0
0
0
0
0.00073081
0.00020636
0.00051102
0.00031012
0.0010014
0.0002913
0
0.00050639
0.00065514
0.0002448
0
0.00012071
0.00033427
0.0001142
0.0002128
0.00021285
0.00024179
0
0
0.00065705
0.0009102
0
0
0.00017656
0.0028455
0.00022814
0.00026414
0.00062848
0.0015415
0.00036301
5.2555e-05
0.00012724
0.0014617
0.0006196
5.5303e-05
0
0.00058765
0.0011461
0.0003743
0.00080782
0
0
0
0.00030686
0.00069666
5.6809e-05
0
0
0.00066504
0.00014945
0.0003939
0.00021621
0.0015566
0.0001738
5.8455e-05
8.1706e-05
0
0
0
0.00021531
0.00073243
5.6992e-05
5.0404e-05
8.8106e-05
0
0
0
0.000775
0.0011864
0
0
0
0.00014441
0.00012662
0
0.0006429
0.0015377
0.0011854
0.00046916
0.00060728
0.0018021
0.0019507
0.00032852
0.00015812
0.0011396
0.00028609
0
0
0.0031958
0.00083198
1.3111e-05
0.00036684
0.0031868
0.0023774
0.00027732
0.00016822
0.0006077
8.3393e-05
0
0.00042932
0.0012698
0.00092546
2.678e-05
0.00016881
0.00019183
0.00018036
3.6315e-05
0.00019898
0.0001008
0.00015811
0.00012833
0.00027483
0.00084532
0.00070124
4.4759e-05
6.3135e-05
0.0004967
0.00027082
0.00016929
0.00023233
0.0006661
6.3501e-05
9.7501e-05
0.00013222
0.00024415
0.00015996
5.8252e-05
0.00049792
0.0014676
0.00013446
0.00022919
0.0003321
0.0011923
8.5471e-05
1.5872e-05
0.00023043
0.00062365
0.0009948
0.00034711
0.00072128
0.0021847
0.0020096
9.5058e-05
0.00052136
0.0021109
0.0012526
0.00017484
0.00014233
0.0015746
0.0013217
3.3114e-05
0.0001974
0.00076953
0.00010261
0.00038072
0.00016411
0.00051754
0.00028982
0.0011771
0.0011842
0.0012613
0.00014865
0.00015942
0.00053161
0.0017554
0
0.0003094
0.00054553
0.00057927
8.8414e-05
3.2481e-05
3.1743e-05
0.00036379
0.00022434
3.8494e-05
0
0.00025416
0.0010255
0.00039854
0.00043789
0
0.00020361
0.00018864
0
0.0015787
0.0013086
0.00043248
0.00015891
0.00081416
0.001031
0.0004017
0.00028851
0.0039493
0.00092496
0.00040119
0.0018066
0.0012598
0.00051934
0.00045451
0.0020264
0.00075769
0
0
0.00072453
0.00067075
0.0016892
0.0011087
0.00041657
0.00064726
0.00022992
1.0472e-05
0.0026414
0.0016715
0.00038805
0.00037314
0.00046619
0.00054899
0.00027839
0.00078189
0.0015656
0.0021112
0.00037404
0.00041909
0.00041071
0.0013055
0.00014761
0.00045874
0.0023211
0.0030052
0.00032795
3.6193e-05
0.0026152
0.00030196
5.966e-05
0
3.6315e-05
0.00025723
0.00011032
3.2889e-05
2.6221e-05
0.00038781
0.0002415
0.0003592
5.1645e-05
0
2.7598e-05
3.0795e-05
0.00033762
0.00030178
0.00039016
0.00031192
2.073e-05
0.00031655
0.00010911
0.00023735
0.00040555
0
0
9.7869e-05
0.001048
0.0015844
0.00099319
0.00021229
0
0.00033377
0.00028639
0
9.2706e-06
0.00022547
6.9396e-05
0.00010826
1.9247e-05
0.00055749
0.0004397
0.0002057
0.00076478
0.0016926
0.0003059
0.00025078
0.001083
0.00128
0.00012911
0.00066068
0.0017219
0.0010774
0.00046314
0.00082148
0.0021844
0.00259
0.00043986
0.00060766
0.0040413
0.0032355
0.00028091
0.00027872
0.0030834
0
0
0
0
0
0
0
0
0
0
0.000652
0.000684
0
0
0
0
0
0
0.00013894
0.00088059
0
0
0
0
0.00044649
0.00019944
1.3445e-05
0
0
0.00048963
0.00011039
0.00020747
0.00070344
8.2231e-05
0
0.00025981
0.00041123
0.0005795
0.0002474
0.0003425
0.00076742
0.00020814
0.00028905
0.00028387
4.8692e-05
0.00028034
0.00054178
0.0023828
0.0014862
0.00036539
0.001444
0.0020022
0
0.00093509
0.0011422
0.0024374
0.00074362
0.00052789
0.0012026
0.0017373
0.00067811
0.00027322
0.00058224
0.0033874
0.00051749
6.6525e-05
0
0.0001821
0.00073146
0.000193
3.0795e-05
0.0001995
0
0
0
0
0
0
0
0
0.00053975
0
0.00042791
0.0016079
3.0114e-05
6.1639e-05
0.00013175
8.778e-05
0
0.0002167
0.00091289
0.0024984
0
0
4.2518e-05
0.00018435
1.5589e-05
3.7756e-05
0
0.00044775
0
0
0
0.00020394
0
0
0
0
0
0
0
0
0.00038951
0.00016155
0.00036973
0.00038674
0.00011385
0.00050118
0.00026499
0.00029741
0.00060376
0.00019817
0.00015923
0.0014778
0.00073285
0.00021426
0.00054631
0.0012
0.00010649
0
0.00012506
0.00035469
0.00026408
3.9595e-05
0
0.00058998
0.00029633
0.00016026
0.00014505
0.00027365
8.4111e-05
0.00011132
0.00018338
0.00024628
0.00038075
0.00019039
0
0.00046498
0.00017873
0.00018896
0.0003362
0.00015756
0.00044535
0.00019359
0.00022007
0.00030488
0.00084423
0.00018383
0.00013396
0.00023004
0.00027703
0.00023152
0.0010445
0.0033834
0.00027716
0.00018109
0.00013977
5.4439e-05
6.8103e-05
0.0002541
0.00074332
0.00055131
0.00025873
0
0
4.389e-05
0
0
0
0
0
4.4892e-05
0
0
0.00050725
0.0001261
0.00053914
0.00085692
7.4999e-05
0.00017311
0.0006238
0.00048147
