0.0213
0.023603
0.020485
0.025835
0.055346
0.036696
0.029811
0.042288
0.0066846
0.0093249
0.0079169
0.0087681
0.023208
0.016567
0.0078899
0.007661
0.0037084
0.0058177
0.0055854
0.0074346
0.022445
0.0071641
0.0058764
0.0049397
0.003814
0.0052118
0.0035075
0.0068451
0.0076035
0.009293
0.012057
0.016725
0.0070925
0.0032482
0.003475
0.0027876
0.0020897
0.003672
0.0039879
0.012962
0.0018788
0.0017578
0.0020715
0.0030978
0.0018948
0.0011686
0.0021329
0.0031618
0.0016272
0.0024599
0.0022175
0.0029019
0.011435
0.0021965
0.00071975
0.0014426
0.0027893
0.0040026
0.0022533
0.0035095
0.0086922
0.0026596
0.0030862
0.0034858
0.00091911
0.0013319
0.00060164
0.0027425
0.01131
0.0014195
0.0016723
0.0013334
0.0009721
0.0003328
0.00015219
0.0010945
0.0061517
0.0089008
0.0016404
0.0014672
0.0022065
0.0046627
0.0031067
0.0016739
0.0031845
0.0034766
0.0032079
0.0014969
0
0.00059508
0.0027672
0.0010922
0.0024842
0.0029591
0.001167
0
0
0
0
0
0.00018827
0.00017903
0
0
0.00098823
0.0010524
0.0010551
0.00093336
0.0010415
0.0032531
0.0093346
0.003767
0
0
0.00045969
0.0019235
0.00024189
0.0010483
0
0
9.4078e-06
0
0.0003183
0.00024333
0.00015095
0.00071306
0.0023218
0.00054177
0.00035248
0.0005448
0.00062494
0.00027187
0.00012161
0.00013495
0.00057775
0.00099392
0.0020675
0.001809
0.00061657
0.0033167
0.004287
0.00342
0.0014836
0.0038353
0.00074893
0.0022558
0.0014603
0.00059035
0.0017842
0.0019736
0.0013384
0.008978
0.0022776
0.0020218
0.0015257
0.00031007
0.0012072
0.0024159
0.0004515
0.0060402
0.0044531
0.00068164
0.00061741
0.0017969
0.00053145
0.0001169
0.00053715
0.005303
0.00026186
0.00054694
0.00050685
0.00094378
0.00034367
4.4059e-05
0.00027479
0.00076387
0.0003663
0.00033928
0.00039966
0.00043595
0.00067066
0.0001762
0.00064453
0.0010612
0.00046196
0.00055825
0.00062714
0.0007369
0.00098191
0.00043494
0.00027905
0.00058567
0.00079785
0.0001462
0.00029933
0.00083879
0.00038062
0.00049147
0.00050519
0.00034368
0.00080239
0.00010296
0.00034126
0.00014889
0.0046442
0.00041681
0.00059874
0.0011297
0.00050338
0.0012254
0.0004501
0.0019156
0.00093812
0.00099178
0.00076242
0.00066416
0.00029239
5.922e-05
0.00026113
0.0012826
0.0004332
0.00018374
0.00024964
0.00033693
0.00047604
0.0010412
0.00037441
0.0010915
0.00050514
0.00073989
0.001206
0.00047637
0.00080986
0.00020095
0.00011223
0.00034119
0.00019998
0.00016222
9.7131e-05
0.00073374
0.00044082
0.00056935
0.00097618
0.0012837
0.00066851
0.00052612
0.00092241
0.00053942
9.6745e-05
0
0.00035072
0.0011548
0.0040474
0.0003695
3.7188e-05
0.00036699
3.5824e-05
0.00070988
0.00018366
0.00026456
0.0047167
0.00098399
0
5.088e-05
0.00087441
0.0021522
0.00083326
0
0.001241
0.00091273
0.0014223
0.0006019
0.00052316
0.0014471
0.00091407
0.0011752
0.00081979
2.4215e-05
0.00016947
0.001072
0.00012212
0.00035196
4.3749e-05
0.00037261
0.0030604
0.00060371
0.00038969
0.00020011
0.00019127
0
0
0
0.0063176
0
0
9.8894e-05
0.00052274
0.00016976
2.5978e-05
0.0005191
0.00086397
0.00039699
6.3109e-05
0.0012404
0
5.4553e-05
0
0.00021266
0.0049441
0.0022722
0.0001169
0
3.5357e-05
0.00033544
0
0
0.0025633
0.00029638
0
0
0.000283
0.001399
0.00051686
0.00023068
0.00057208
0.0011289
0.00010548
0.00024181
0
0.00042041
0.0017327
8.1194e-05
0.0011091
0.0010822
6.0239e-05
0
0
0.00017467
0.00070812
0.0003482
0.0016036
0.0018178
0
0
0
0
0
0
0.00076456
0.00052177
0
0
0
0
0
0
0
0
0
0
0.00029826
0.00020973
0.00012621
0.00036273
0.00035561
0.0053154
0.00050107
0.00016373
0
0
0
0
0
0.00067074
0
0
0.0017784
0.0029282
0.0023794
0.0006045
0
0
0
0.00029997
0.00026777
0
0
0
0.00087001
0.0014262
0.0031024
0.0009551
0
0
0.00050191
6.398e-05
0
0
0
0
0
0
0.00021137
0.0005051
0.00040952
0.00019928
0.0010331
0
0
0
0
0
0
0
0
0
0
0
0
0
0
0
0
0
0.00086587
0.00071108
0.00040055
0.00039446
0.00021409
0.002262
0.004891
0.000635
0
0
0
0
0
0
0
0
0
0
0.00067005
0.002472
0.00019199
0
0
0
0
0
0
0.00029022
0.00021507
0.0017176
0
0
0
0
0
0
0
0
0.00014037
3.0666e-05
0
0
0
0.0001584
0.00011395
0.00044925
0.00074682
8.3109e-05
0
0
0.00017662
0.00014689
5.5756e-05
0
0.00019701
0.00011205
0
0.00012512
0.00012246
0
0
0
0
0
0.00018508
0.00014601
0.00055665
0.00046453
0.00044729
0.00083415
0.00083455
0.00040305
8.8378e-05
0
6.6523e-05
7.4375e-05
0
8.038e-05
0.0039782
0.001727
0
0
0
0
0
0
0
0
0
0
0
0
0
0
0
0
0
0
0
0
0
0
0
0
9.4078e-06
0
0.0002777
0.00014728
0.0001167
0.00032452
0.0012984
0.0002796
5.3639e-05
0.00033379
0.00021468
0
0
0
0.00012584
0.00015376
0.00029884
2.4215e-05
0.00011836
0.00015637
6.5854e-05
0.00013495
0.00038074
0.00064797
0.00025422
0.00081374
0.00012399
0.001138
0.00082489
0.00069732
0.00044395
0.00079154
0.00030457
0.00028706
4.3368e-05
0.00038453
0.00083724
0.00049617
0.00070516
0.0017062
0.00021867
0.00019894
0.00012604
0
7.0165e-05
0.00034946
0.00086223
0.0045327
0
0
0
0
0
0
0
0.0017583
0
0
0
0
0
0
0
0
0.00016093
0
0
0
0
0
0.00023881
0.00023206
0.00059439
0.00010949
3.3427e-05
0
0
0
0
0.00033085
0
0
0
0
0
0
0
0
0.00059223
0.00013585
0.00022168
0.0010733
0.0010967
0.00037636
0.00026892
0.0011958
0.0002493
0.00043947
0.00018773
0.000535
0.0016181
0.0014158
0.00031789
0.00045933
0.00019703
0.00081331
0.00040837
0.0002277
0.00079909
0.00039373
0.0003588
5.4553e-05
0.00040058
0.0011268
0.0001253
3.0666e-05
0.00035722
0.00044778
8.1564e-05
0.0025524
0.00089441
0.00087903
0.00092387
3.8789e-05
0.00049247
0.0017108
0.0001621
0.0021024
0.0010226
0.00026727
0.00016795
0.00016117
0.00013958
5.1956e-05
3.3262e-05
0.0031617
0.0014439
5.8089e-05
0
0
0
3.0666e-05
0.00030244
0.0021254
0.001279
0.0002157
6.4239e-05
0.0012502
0.00012538
0
7.2948e-05
0.001969
