0.022973
0.024389
0.024605
0.030506
0.054254
0.027215
0.031058
0.04207
0.0093405
0.006921
0.0080385
0.0084268
0.027884
0.012009
0.0094332
0.0053795
0.0073273
0.010319
0.0095598
0.015224
0.019335
0.0077687
0.0047137
0.0029665
0.0056585
0.0058167
0.0059751
0.0059634
0.0068917
0.0069562
0.015244
0.019007
0.00064671
0.001332
0.0010317
0.00089249
0.00014381
0.00048156
0.0016671
0.014717
0.00066319
0.0019145
0.0022777
0.0025922
0.0027731
0.0011896
0.0019603
0.00071399
0.0019456
0.0018891
0.0020617
0.0018826
0.017402
0.0010352
0.001203
0.0021004
0.0050523
0.0020772
0.0022765
0.0019836
0.013528
0.0028956
0.0014736
0.001497
0.0020719
0.0024504
0.0020744
0.0029134
0.0024098
0.0021175
0.0022233
0.00095431
0.00073418
0.0008949
0.001553
0
0.0034562
0.0081301
0.0030513
0.00058842
0.0056085
0.0022225
0.0021461
0.0039521
0.0037548
0.0016539
0.0028781
0.0019767
0.00036447
0.0011515
0.0028465
0.0014996
0.0027201
0.0017123
0
0
0.00022763
0.0012062
0.0011499
0.0085881
0.0011747
0.0010433
0.0010168
0.00051523
0.00083183
0.00035636
0.00088497
0.00086093
0.00086265
0.0010249
0.01069
0.0024278
0
0
0
0
0
0
0.00060205
0.00052008
0
0
0
0
0
0
0
0
0
7.373e-05
0.00074003
0.00063681
0
0
0
0.0001659
0.0025619
0.0033095
0.002709
0.0018392
0.003082
0.003578
0.0018589
0.0019936
0.0021469
0.0020078
0.0021589
0.0032633
0.002947
0.0021003
0.0022505
0.01374
0.00064671
0.0012583
0.00033049
0.00014679
0.00014381
0.00038157
0.0015176
0.013906
0
0
0
0
0
0
0
0.00025514
0.00017
0.00034988
0.00025247
0.00042738
6.6266e-05
0
6.5591e-05
9.0809e-05
0.00032232
0.00064602
0.00048221
0.00095456
0.00024002
0.00074823
0.00088998
0.00041458
0.00043064
0.00016108
0.0011393
0.0012368
0.00054009
0.00020658
0.00015546
0.00039623
0.0011623
0.0010843
0.0004843
0.00032157
0.00017349
0.00028302
0.0009795
0.0013129
0.0015803
0.00014912
7.7417e-05
0.00029477
0.00024149
0.00032444
0.00045151
0.00028068
0.00048353
0
0.0014985
0.000526
0.004835
0.0011593
0.00061481
0.00087169
0.00018679
0.00057383
0.00090311
0.0024544
0.0016421
0.00086134
0.00035755
0
0.00023973
0.0002715
0.00047231
0.00036546
0.0003284
0.00019264
0.00050176
0.00013588
0
0.0005175
0.0012938
0.00057968
0.00042383
0.00034863
0.00051277
0.0002086
0.00017087
0.00026442
0.00018357
0.00063055
0.00047488
9.276e-05
0.00031818
0
7.799e-05
0.00033247
9.9478e-05
0.00027397
0.0084452
0.0002756
0.00013453
0.00039134
0.00027461
0.00016213
0.00033864
5.022e-05
0.008143
0.00027
0
0
0.0011215
0.0012882
0
0.00030003
0.0053317
0.00029998
0
0
0.0015102
0
0.00012751
0.00037636
0.0030777
0.00062406
0.00040727
0.00034464
0.0017002
0.0016632
0.00069204
0.00029057
0.00052708
0.00028889
0.00055142
0.0003386
0.00030202
0.00029332
0.00038255
0.00017358
0.00028704
0.0011479
0.00064655
0.00047983
0.00035295
0.00059313
0.00079964
0
0
0
0
0.00045769
6.2106e-05
4.6857e-05
0
0
0.0044533
0.0047149
0.00010729
8.1706e-05
0.0021981
0
0
0
0
0
0
0
0.0027342
0
0
0
0
0.00014204
0.00035001
0.0017239
0.00070907
0.00093878
0.00048485
0.001069
0.0025121
0.0017123
0
0
0
0.00043068
0.0010753
0.00012103
0.00033868
0
0
0
0
0.00021958
0.0022101
0.002225
0.00011998
0.0003002
0.00015576
0
0.00022763
0
5.8919e-05
0.00094981
0.00017105
0.00085762
0.001027
0.00051523
0.00031912
0.0003916
0.00081895
0
0
0.0031639
0.0023121
4.9024e-05
0
0
0
0
0
0.00025133
0
0
0.0003316
0.0022225
0.0021461
0.0021418
0
0
0
0
0
0
0
0.0015967
0.0034647
0.0015119
0.002528
0.00025275
0
0
0
0
0
0
0
0
0
0
6.3523e-05
0.00037243
0.00028439
0
0
0
0
0
0
0.001334
0.00053364
0
0
0
0
0
5.022e-05
0.0040644
0.00056371
0
0
0
9.3715e-05
0.00010176
0.00063118
0.00016602
5.022e-05
0
0.0021324
0
0
0
0
0
0
0
0.0037944
0
0
0
0
0
0
0
0
0
0
0
0
0
0
0
0
0
0
0
0
0
0
0
0
0
0
0
0
0
0
0
0
0
0
0
0
0
0
0
0
0
0
7.373e-05
0.0006707
0.00045016
0
0
0
4.9325e-05
0.0001048
0.00014227
0.00011216
0.0002336
0.00081243
0.00060863
0.00078422
0.00026289
0.00052519
0
0.00014162
0.0003389
0
0
0.0046374
0.0019503
0
0
0
0
0
0
0
0.0003857
0
0
0
0
0
0
0
0
0
0
0
0
0
0
0
0
0
0
0
0
0
0
0
0
0
0
0
0
0
0
0
0
0
0
0
0
0
0
0
0
0.00062167
0.0003707
0.00062053
0.00031392
0.00060596
0.00077583
0.00026005
0.00020221
0.0005658
0.00070593
0.0005941
0.00033803
0.00072116
0.00076103
0.00044704
0.0002055
0.00026662
0.00027461
6.649e-05
0.00045827
0.00026427
0.00038736
0.0015859
0.0048362
0
0
0
0
0
0
0.00022393
0.0033841
0
0
0
0
0
0
0
0
0
0
0
0
0
0
0
0
0
0
0
0
0
0
0
0
0
0
0
0
0
0
0
0
0.00065072
0.0012276
0.00077362
0.00017513
0.0005583
0.0010298
0.0003874
0.00073836
0.00058132
0.00084392
0.00060094
0.00075791
0.00093605
0.00083231
0.00079169
0.00068918
0.0014548
0.0006722
0.0011199
0.0012508
0.00065644
0.00068493
0.00029246
0.00087574
0.00054485
0.00061837
0.00042282
0.00090409
0.00099123
0.00096173
0.0002327
0.0043831
6.5591e-05
0
0.00033049
0.00027627
0.00012289
0.00011439
0.00050812
0.0067248
0
0
0
0
0.00014381
0
0
0.0036471
0
0
0
0
0
0
0
0
0
0
0
0
0
0
0
0
