0.035648
0.016506
0.020991
0.028925
0.02708
0.038092
0.042304
0.045569
0.0070549
0.0040132
0.0026863
0.0056881
0.010922
0.016677
0.011661
0.0024283
0.016231
0.005461
0.0030383
0.0018849
0.0044198
0.011108
0.0070218
0.011087
0.0086962
0.0055393
0.0076259
0.0093009
0.0080243
0.0071203
0.017009
0.017934
0.0036651
0.0014924
0.0076406
0.012051
0.003714
0.0031861
0.0066122
0.014119
0.00062566
0.00038536
0.00090208
0.0014334
0.0030995
0.00066584
0.00032992
0.00065772
0.00097392
0.0002884
0.00047976
0.0037352
0.0057401
0.00046503
0.0062615
0.00054599
0.0047976
0.0024084
0.0015055
0.0003424
0.00065534
0.0021191
0.0057069
0.0031073
0.0075718
0.0006441
0
0.00055662
0.0018384
0.0059635
0.00035169
0.0016316
0
0.00019749
0
0.00033853
0.0016299
0.01358
0.0012142
0
0.0054553
0.0030185
0.0010635
4.4443e-05
0.00017622
0.00029693
0.00053746
0.0012246
0.00093967
0.0018008
0.00061931
0.00077228
0.0019361
0.0023594
0.001155
0.00097894
0.0027754
0.00068844
0.00091349
0.0002136
0.00026648
0.001921
0.0027885
0.0052387
0.0020927
0.0016904
0.0011995
0.0015108
0.0013176
0.0021361
0.013433
0.0028028
0.00052886
0.0010262
0.0036067
0.0042195
0.0021096
0.0018945
0.00012861
0.0029585
0.00014726
0.0006343
0.0011814
0.00027409
0.00014482
6.7083e-05
0
7.0053e-05
0
3.6381e-05
0.0017201
0.0013949
0.00059141
0.00046573
0.00033148
0
0.0023063
0.0008031
0.0011863
0.0019652
0.0020236
0.0012757
0.00067463
0.0015518
0.002961
0.0018407
0.0013612
0.0012895
0.0022887
0.0019618
0.0030563
0.010209
0.0034441
0.00093616
0.0019749
0.0050464
0.0017856
0.0022474
0.0011233
0.01376
0.00034688
0
0.0029608
0.0052202
0.0011758
0.00047944
0.004526
0.00046495
7.2762e-05
8.957e-05
0.00011845
0.00015342
0
0
0
0
0.00016388
0.00018981
0.00027871
0.00050366
0.00022743
0.00025656
0.00011099
0.00030245
5.4337e-05
0.00014393
0.00010019
0
4.2571e-05
0.00015217
0.00011172
0.00031207
0.00091958
8.5618e-05
0.00031958
0
0
0.00031286
0.0045346
0.00015612
0
0
0.00017702
0
5.8836e-05
0
0.0022918
0.0005844
0.00013117
0
0.00053724
0.00021573
0.00017651
0.00048138
0.00097529
0.00029188
0.0021246
0
0
0
0
0
0
0.00027109
0.0034502
0
0
0
0.00075947
0.00024372
0.00019044
0.00079365
0.00015852
0
0
0.0004152
0.00052748
6.4134e-05
0.00021893
0.00027455
0.0002305
0.00010597
0.00050493
0.00036111
0.0013638
0.00034514
0
0
0
0
0
0.00028209
0.0046763
0
0
0
0
5.8852e-05
3.254e-05
0.0032182
0.00097529
0
0
0
0.00083657
0.00016024
0
0.00036149
0.00073005
0.0012244
0.0035732
0.00052454
0.0029075
0.00192
0.00079121
0
0
0.00013746
9.07e-05
0.0014939
0.0029194
0.0006441
0
0
0.00068976
0.0018181
0.00049461
0.0009379
0
0
0
0.00055662
0.00038919
0.0038502
0
0
0
0
0
0.00014891
0
0.00084079
0
0
0
0
0
0
0.0023465
0.0054606
0
0
7.6847e-05
0.00020089
0.00034323
0
0
0
0
2.018e-05
0.00045133
0.00051864
0.00016095
0
0
0
0
4.0612e-05
0.00076648
0.00025082
0
0
0.00021014
0.00019664
5.7788e-05
0.0008119
0.00035599
0.0018455
0.000337
0.00059583
0.0011094
0.00073336
0
0.00016705
0.00041051
0.00017213
0.00041362
0.00014891
0.00061875
0.0022483
0.0025213
0.0022558
0.0017001
4.2809e-05
0
0
0
0
0
0.0021224
0
0
0
0
0
0.0072784
0.00042928
0
0
0.00011054
0
0
0
0
0
0
0.00067583
0.0015594
0.00011379
0
0
0
0
0.00044323
0.0040366
0.00041212
5.8836e-05
0
0
0
0.0001029
0.00072054
0
0
0
0.00011185
0.00026424
0.0010866
0.0015896
0
3.1908e-05
3.254e-05
2.7075e-05
0
0
0
0
0
0
0.00038729
0.0007551
0.0001293
0
0
0
0
0
0
0
0
0
0
0.00026714
0.00059504
0.00092084
4.6459e-05
0
0.00079564
0.00036328
0.001018
0.00545
0.00050018
0.00031345
0.00044158
0.00035804
0
0
0
0.0015965
0
5.145e-05
0.00066752
0.0019337
0.00068869
0
0
0
3.1587e-05
0
0
0.00016248
0.0023013
0.0015137
0.0010286
0
0
0
0
0.00035548
5.7806e-05
0.00017622
0.0006397
0
0
0
0
0
0
0
0
0
0
0
0
0
0.00018039
8.6212e-05
0
0
0
0
3.6381e-05
4.0862e-05
0
0
0
0
0
0.00016051
0.0012893
0.00061932
0.00087324
0.00066732
0.00095458
0.0016897
0.00028184
0.00066157
0
0.00022216
0
0
0
0.0052823
0.0016179
0.00036103
0.00013718
0.0011136
0.00059181
0.00010426
2.7448e-05
0
0.0012121
8.6111e-05
0.00041726
0.00057794
0.00040121
0.00016848
0.00071532
0.00012861
8.7617e-05
0.00014726
0.00053646
0.00077943
1.009e-05
1.8605e-05
0
0
7.0053e-05
0
0
0
0
0
0
0
0
0
0
0.00024871
0.00032286
0.00024188
0.00040239
0.00012709
0
0
0
0.00073859
0.00064599
0.00026332
0
0
0
0.00019644
0.00027333
0.00064466
0.00065031
0.00050389
0.00014083
0.00033647
0.0005481
0.00091607
0.00017899
0
0
0.00071114
0.00033234
0.0003128
0.00072175
0.0004299
0.00016466
0
0
0
0
0.00037282
0.00556
0.00041526
0.0002067
0.00038015
0.00040888
0.00050905
0.00028979
0.00211
0.0051216
3.0271e-05
0.00019035
0.00085198
0.0017805
0.00030835
2.8894e-05
0
0
0
6.2852e-05
0.00049639
0.0023802
0.00072632
0.00017492
0
0
0
0
0.00079117
0.00074355
0.00039042
0.00047861
0.00057416
0.00028248
5.7788e-05
0
0.00073625
0.00079037
0
0
0
1.3537e-05
0.00019554
8.6682e-05
8.4017e-05
0.00038321
0.00046245
0.00014176
0
0.00017725
0.00096695
0.0002641
0.00033033
0.00054047
0.00051865
0.0005218
0.00011389
0
0.00070264
0.0004916
0.00054129
0.00017847
0.00029165
0.00052771
0.00015787
0.00012448
0.00097592
0.00039891
0.00054629
0.00051275
0.0014223
0.0004272
0.00035986
0.00076428
0.0014954
0.00019396
6.7687e-05
7.0632e-05
0.00076614
0.00092209
0.0004333
0.0056731
0.00062702
0.00038013
5.0451e-05
0.0007079
0.00016975
7.1349e-05
0.00031898
0.006366
0.00028909
0
0.0002372
0.0011996
0.00056082
0.0004022
0.0024331
0.0010359
0
0
0.00090331
0.0017364
0.00021606
0
0
0
