0.024723
0.024374
0.02702
0.027366
0.038162
0.03184
0.03208
0.048737
0.0075044
0.010863
0.0081611
0.0041884
0.016207
0.018575
0.0073445
0.0062861
0.010275
0.0083977
0.010802
0.013329
0.015752
0.0062179
0.0069348
0.0075956
0.0034615
0.0036048
0.0060304
0.0080278
0.0043854
0.005456
0.015981
0.018594
0.0034818
0.0015083
0.0020266
0.0018204
0.0018178
0.0015911
0.0018192
0.016261
0.0016772
0.0017142
0.0022667
0.0010117
0.0012088
0.0022998
0.0020664
0.0011911
0.0020109
0.0027184
0.0023522
0.00074386
0.0054463
0.0046795
0.0015736
0.0015013
0.0026782
0.0029174
0.0026917
0.0026301
0.0034029
0.0013724
0.001302
0.0017767
0.0047579
0.001902
0.0014223
0.0022957
0.0034911
0.0020793
0.0025261
0.0025208
0.0010899
0.0020913
0.00089596
0.0007128
0.0057527
0.0079251
0.0010699
0.00046117
0.0027264
0.0042149
0.0020065
0.0015054
0.0034578
0.0031369
0.0025651
0.0028169
0.0011791
0.00074991
0.0041519
0.0041527
0.0027389
0.0010447
0.0015647
0.0014706
0.0016601
0.002871
0.0022551
0.0041833
0.005711
0.0014978
0.001103
0.0015062
0.00091301
0.00032421
0.0006306
0.00041046
0.00017568
0.0020254
0.010296
0.0024798
0.00038872
0.00068831
0.0023384
0.0036134
0.0017947
0.0010827
0.00089337
0.0013087
0.00063824
0.0012853
0.0020152
0.0012337
0.0011291
0.0013033
0.0011643
0.00099434
0
0
0
0.0003615
0.0001573
0.00011911
0.00016205
0
0.0016087
0.0015137
0.0019409
0.0017802
0.0014787
0.0017625
0.0021851
0.0023697
0.00055106
0.00099264
0.0011999
0.0018358
0.00097711
0.0010288
0.0026065
0.01228
0.00080701
0.00010579
0.00027617
0.00022684
0.0002336
0.00013347
0.00015416
0.0083956
0.0018665
0.0001989
3.7064e-05
0.00039548
0.00029773
3.5178e-05
0.00011108
0.0069076
0.00024526
0.0005192
0.00072253
5.2041e-05
7.628e-05
0.00031481
0.00059147
0.00037558
0.00045113
0.00017271
0.00015084
5.6633e-05
0.00036504
0.00033624
0.00031643
0.00020093
0.00067509
0.00053801
0.00078607
0.00041232
0.00047578
0.00043535
0.00049203
0.00051336
0.00044677
0.00048178
0.00024723
6.5899e-05
0.0024833
0.00045801
0.00040307
0.00040978
0.00030984
0.00073657
0.00069187
8.6933e-05
0.00149
0.00064322
0.00063902
0.00017304
0.00027402
0.00029732
0.00021743
0.0002278
0.00049995
8.607e-05
0.00010779
1.5256e-05
0.00078607
0.00032156
0.00022752
0.00045126
0.00045182
0.00067401
0.0004224
0.0002523
0.0010616
0.00026582
0.00031851
0.00025324
0.0013661
0.00077125
0.00081203
0.0006964
0.00044976
0.00032633
0.00069619
0.00025284
0.00051353
0.0007369
0.00028989
0.0003363
0.00032259
0.00046631
0.00063297
0.00065022
0.00025392
0.00078038
0.00067709
0.00016628
0.00041914
0.00052981
0.00022303
0.00026564
0.00040904
0.0019257
0.00039034
0.00011042
0.00037042
0.00091005
0.0009802
0
0.0015578
0.0015769
0.00026103
0.00029034
0.00078453
0.00079412
0.0012018
0.00055078
0.0008405
0.00057677
0.00033632
0.00039691
0.0011488
0.00041729
0.00033453
0.0011746
0.0008715
0.00010478
0.00029108
0.0010217
0.0011675
0.00085809
0.00019883
0.00081591
0.0011478
0.00042372
0.0003006
0.0010785
0.0018437
0.00093923
0.00025938
0.00072272
0.00063854
0.00013002
0.00048858
0.00028123
0.00059624
0.00062407
0.0002498
0.0001692
0.00023107
0.00070646
0.00024904
0.00013744
0.00055059
0.0005905
0.00028927
0.00021978
0.0039645
0.0010826
0.00044083
0.00022843
0.0003522
9.6045e-05
0.00055415
8.5806e-05
0.0029959
0.0010618
5.2308e-05
0.00035387
0.00047792
0.0011595
0.0007933
0.00066503
0.00040938
0.0013726
0.0006913
0.00026581
0.00017744
0.00013894
0.0020148
0.00097167
0.00032852
0
0
0.00013444
0.00053463
0.00017347
0.00037233
0.0010092
0.00043675
0.00043242
0.00039448
0.00037606
0.00022753
0.0013484
0.00023056
0.00019407
0.0013095
0.00076728
0.00024538
0.00016991
0.00024545
0.00095627
0.00072068
0.00041209
0.00032049
0.00035055
0.00034976
0.00032282
0.00015157
0.0009166
3.3441e-05
0.00017507
0.00049096
0.0042196
0.00021382
0.00020731
0
0
0
0
0.00076787
0.0011423
0.00021449
0
0.00086647
0.0025708
0.00057946
6.9464e-05
0.00019754
0
0
0
0.00099234
0.00040166
0.00033849
0.00011752
0
0.00071344
0.0016693
0.0022211
0.00039145
0.00020132
0.0010371
0.00080621
0.00039527
0.0003369
0.00072114
0.00083685
4.2621e-05
8.445e-05
0.0004838
0.0016859
0.00074225
0
8.1043e-05
0.00014105
9.2176e-05
0.00051785
7.1517e-05
0.001165
0.0022601
0.00029131
0.00018568
0.00030852
0.00081343
0.00034532
0.0011067
0.001615
0.0023665
0.00025774
0.00035866
0.00055075
0.00023133
0.00016358
0.00025205
0.00014875
0
0.0027666
0.0040621
0
0
0
0
0
0
0
0
0
2.0357e-05
0.00039655
0.0013956
0.0021909
8.4782e-05
0
0
7.572e-05
0
0.00021161
0.00026426
0.0014402
0.0015643
0.00077376
0.00057145
0.00012024
0.0006574
0.0010164
0.0010801
0.0010568
0.00055757
0.0015439
0.0010571
0.00078476
4.9118e-05
0.00033604
0.00080573
2.869e-05
8.3798e-05
0.00015212
0.00059699
0.00057746
5.0542e-05
0
0
0
7.7417e-05
0.00011013
0.00016585
0.00017016
0
0
0
9.3693e-05
7.9879e-05
8.4997e-05
2.0496e-05
0
0.00032211
9.1164e-05
0.00026632
0.00016139
0.00017568
4.7652e-05
0.00040649
0.00015783
7.2737e-05
6.9464e-05
0.00013205
9.4014e-05
0
0
0.0054665
0.0016081
0.00020073
4.0504e-05
0.00060241
0.00018893
0
5.0091e-05
0.00014014
0.00025336
0
0
0
0
0.00014564
0
7.5231e-05
0
1.4493e-05
0
0
0.00018459
4.3478e-05
0
0
0
4.3961e-05
0.00013758
0.0003733
0.00017054
0.00035446
3.9077e-05
0
0
0
0
0
0
8.9841e-05
0.00011349
2.0357e-05
0
0
0
0
0
0
0
0
0
0.00043746
0.00034266
0.00046213
0.00076564
5.4436e-05
0.00035756
0.0004679
0.00025046
0.00044983
0.00014182
0.00021385
0.00026126
0.00024025
0.00057303
0.00051822
0.0015883
0.00028081
3.1788e-05
0.00056467
9.6358e-05
0.00016084
0.00016397
0.00088467
0.005913
0
1.2831e-05
0.0002106
0.0010656
0.00021005
0.00027823
0.0012159
0.0033927
0
0
0
0
0
0
0
0
0
0
0
0
0
0
0
0
0
0
0
0
0
0
0
0
0
0
0
0
0
0
0
0
0.00046691
0.00062828
0.00041674
0.00015532
0.0005245
0.00020552
0.0001886
0.00025967
0.00029473
0.00029515
0.00047631
0.00052095
0.00044787
0.00045463
0.0010046
0.00043017
0.00028866
0.00075267
0.00064052
0.00051616
0.00037749
0.00053936
0.00045872
0.00056607
0.00025506
0
0
8.3424e-05
0.00021347
0
4.583e-05
0.0026716
0.00079251
0
0
0
0
5.7755e-05
5.9992e-05
0.0034685
0
0
0
0
6.9586e-05
0
0
0.0046618
0.0008616
0
0
0
9.057e-05
3.5178e-05
5.0654e-05
0.003516
0.00077392
0.00015542
3.7064e-05
8.4237e-05
0
0
0
0.0030952
