0.042338
0.025615
0.036571
0.036669
0.024537
0.020869
0.032717
0.036923
0.0082193
0.0014519
0.0015394
0.0030444
0.0063249
0.0028842
0.0050375
0.0083254
0.023389
0.011831
0.0076453
0.0064193
0.006046
0.0094703
0.010757
0.012993
0.00077286
0.0025442
0.0073707
0.0092806
0.0028084
0.0015121
0.001098
0.0021853
0.0099568
0.0097876
0.020016
0.017925
0.0093578
0.0070026
0.015824
0.013419
0
0
0
0
0.00079943
1.4694e-05
0
0
0.0026162
0
0
0.00010551
0.0019487
0.00069196
0.00026659
0.00084652
0.0081385
0.0061496
0.0028761
0.0016527
0.0023864
0.0057615
0.0034361
0.0014326
0.00040854
0
0
0.0003686
0.00093572
0.00092057
0
0.00081311
0.00093687
0.00010373
0.00017278
0.0002733
0.00011362
3.0257e-05
0
7.0322e-05
0.0046662
0.0011158
0.0013089
0.0023425
0.0030723
0.0017561
0.0043492
0.0070145
0.0032593
0.0048909
0.0032879
0.0023849
0.0011929
0.0016815
0.0072957
0.0037814
0.011426
0.00073625
0.0011315
0.0019747
0.001585
0.0010155
0.00033095
0.0068762
0
9.2048e-05
0.0026659
0.0010029
0
0
0
0
0.00073711
0.0011232
0.0016286
0.0032843
0.0026439
0.0015646
0.00010031
0.0019241
0.0011374
0.0021914
0.0039172
0.0027033
0.0016367
0.0014602
0.0024146
0.0020711
0.0036976
0.0047436
0.0038518
0.0082041
0.0046762
0.0032658
0.0060409
0.0041427
0
0
0
0
0
0
0
0
0
0.0015614
0.002843
0.0050113
9.0302e-05
5.8777e-06
0.00076027
1.4694e-05
0.0016934
0.0010455
0.0052652
0.0018177
0.00068865
0.0010346
0.0018583
0.0031347
0.0030937
0.0018023
0.0070373
0.0042686
0.0022873
0.0016661
0.0050756
0.0038016
0
0
0
0
6.7695e-05
1.4694e-05
0
0
0
0
0
0
0.00070008
0
0
0
0
0
0
0
0.0009091
0
0
0
0
0
0
0
0.00036332
0
0
0
0
0
0
0
0
0
0
0
0.0038543
0.00085864
0.00014977
0
0.00015171
0
0
0.00045552
0.0016729
0
0
0
0.00093572
0.00092057
0
0.00081311
0
0
0
0.00024033
0
0
0
0
0
0
0
0
0
0
0
0
0
0
0
0
0
0
0
0
0.00030747
0
0
0
0
0
0
0
0.0012346
0
0
4.6e-05
0.00063471
0.00025663
0.00026659
0.00084652
0.0018084
0.0018583
0.0018288
0.00098116
0.00014986
0
0
0.00025731
0.0012114
0.0028165
0.0005301
0.00073107
0.0010414
0.0041844
0.0029827
0.00071982
0
0
0
0
0.00098118
0.0015771
0
0
0
0
0
0
0
0
0
0
0.00032022
5.8103e-05
0
0
0
0
0
0
0.00046227
4.5623e-05
5.9143e-05
6.7102e-05
0
0
0
7.0322e-05
0.0035667
6.5772e-05
0.00029389
0
0
0
0
0
8.2341e-05
5.0733e-05
0.0001391
4.8912e-05
0
0.00062145
0.0027635
0.0028582
0.0010639
0.0026859
0.0012099
0.00015076
4.8912e-05
0.00051653
0.0017786
0.0022941
0.0012965
0.0011942
0.00090261
0.00031165
0.00047709
0.00016469
0.0028259
0.00055246
0.0014181
0
0
0
0
0
0.0019009
0.006215
0.0076164
0
0
0
0
0
0
0.0008687
0
0
6.4369e-05
0.0002062
0.00011362
3.0257e-05
0
0
0
0
0
0
0
0
0
0
0.00056632
0
0.00020199
0
0.0011309
0.00044092
0.00018994
0.0002924
0.0016316
0.0004936
0.00038566
0.0018018
0.0015926
0.00035441
0.00079181
0.0027601
0.00038779
0.00096436
0.00069139
0.00096414
0.00035907
0.00028573
0.00046926
0.00059549
0.00039086
0.00052302
0.00073369
0.00067682
0.00032248
0.00053991
0.00038096
0.00054222
6.4859e-05
0.00045488
0.00075793
0.00084953
0.00082826
0.00047824
0.00033266
0.00027218
0.00026184
0.00023537
0.00023844
0.00045974
0.0005841
0.00036088
0.00012703
0.00028345
4.7841e-05
9.2048e-05
0.0009534
0.0001594
0
0
0
0
0
0
0.00019381
0
0
0
0
0
0.00026381
0.0013332
0.00080545
0.00078619
0.00049589
0.00013227
0.0002531
0.00039554
0.0004733
0.00010698
0.00056352
0.0022721
0.0022071
0.0021298
9.5366e-05
0.0015286
0.00014098
0.00032928
0.00063003
0.00043908
0.0002689
0.00020392
0.00046021
0
9.5682e-05
0.00072661
0.0010482
0.0006949
0.0003831
0.00034084
0.00051888
0.00049687
0.00025091
0.00060501
0.0010516
0.00080789
0.0010533
0.00050893
0.0011426
0.00097799
0.0010502
0.0010155
0.00080945
0.0017726
0.0010141
0.00089319
0.00093976
0.00050654
0
0
0
0
0
0
0
0
0
0
0.001568
0.0007456
0
0
0
0
0
0
0
9.7869e-05
0
0
0
0
0
4.7841e-05
0.00028109
0.00015459
7.2047e-05
0
0
0
0.00017061
0.00036878
0.00067313
0.0002278
0.00037291
0.00026071
0.00018519
0.00030561
0.00055152
0.00087137
0.001218
0.00086316
0.00021715
0.00041996
0.00099334
0.00096588
0.000966
0.0011451
0.0008176
0.0027988
0.0014365
0.0010935
0.0014977
0.001323
0.0014496
0.0012246
0.001059
0.0024538
0.0012331
0.0010936
0.0011071
0.00095857
0
0
0
0
0
0
0
0
0
0
0
0
0
0
0
0
0
0
0.00045029
0.0021191
0
0
0
0
0
0
0.00062892
0.0015289
0
0
0
0
0
0
0
0
0
0
0
0
0.00051499
0.00022216
0.00096787
0.00066311
0.00010792
0.00048817
0.00053058
0.00030802
0.00081149
0.00046872
0.0023495
0.001074
0.00062586
0.0004076
0.00085783
0.0014507
0.00098103
0.00084857
0.0017356
0.0010103
0.00081269
0.00029116
0.0019748
0.00067796
0
0
0
0
0
0
0
0
0
0
0
0
0
0
0
0
0
0
0
0
0
0
0
0
0
0.0013254
0.00082533
0.0013198
9.0302e-05
5.8777e-06
0.00021724
1.4694e-05
0.00020228
0.00017304
0.0017488
0.00079203
2.4937e-05
0.00014408
0.00060323
0.00024052
0.00040189
0.0001723
0.0015002
0.00049928
0.00015072
0.00019058
0.00023686
0.0019491
0.0007396
0.00038497
0.0014216
0.00050476
0.0004167
0.00030124
0.0016596
0.0010042
0.00048417
0.00045485
0.001933
0.0014427
0.00076102
0.00035557
0.00095262
0.00079753
