0.031239
0.023526
0.032004
0.038863
0.038434
0.022314
0.025668
0.045375
0.0057426
0.0033534
0.0025513
0.0049068
0.011041
0.0067196
0.0015936
0.003238
0.00697
0.0085367
0.0044266
0.0040898
0.015775
0.0080763
0.002639
0.0058897
0.0014782
0.0027585
0.0024564
0.0013331
0.00048722
0.0014635
0.0083755
0.0030649
0.017048
0.0088776
0.02257
0.028534
0.011131
0.0060547
0.01306
0.033183
0
0
0
0
0
0
0
0
0
0
0
0.00037618
0.0014116
0
0
0
0.0030309
0.0039329
0.0018048
0.00050371
0.011713
0.0026605
0.00092154
0.0025829
0.0015322
0.0024856
0.00015556
0.000521
0.0009442
0.0024808
0.00020451
0.00043853
0
0
0
0
0.0017351
0.0051282
0
0
0.0054077
0.0033534
0.0025513
0.004285
0.0074038
0.0013512
0.0014448
0.0032002
0.0024733
0.0021182
0.0017878
0.0011241
0.0030387
0.0022601
0.00098912
0.002072
0.00013222
0
0.00067845
0.0019242
0.0003575
0.00067491
0.00067252
0.00066844
0.0001557
0.00077697
0.00048177
0.00014034
2.2527e-05
0.00085029
0.0058429
0.00032825
0.00067343
0.00077142
0.00074878
0.00020414
0.00020725
0.00061601
0.00069348
0.00051083
0.0014255
0.0016619
0.002507
0.0018188
0.001251
0.0011532
0.0013666
0.0019767
0.0066761
0.0026524
0.0048716
0.0091944
0.0041315
0.0013005
0.0032124
0.011174
7.4403e-05
0.00012381
0
0
0
0
0.00091777
0.00064897
0.00055438
0.0010626
0.0012259
0.00099145
0.00032924
0.00023737
0.00092137
0.0014607
0.0022784
0.0016187
0.0065587
0.0037521
0.00060464
0.0010265
0.0039161
0.00613
0.0064663
0.0025544
0.0077057
0.012914
0.0049496
0.0025746
0.0038903
0.012564
0
0
0
0
0
0
0
0
0
0
0
0
0
0
0
0
0
0
0
0
0
0
0
0
0
0
0
0
0
0
0
0
0
0
0
0
0
0
0
0
0
0
0
0
0.00046038
7.5559e-05
0
0
0.0007839
0.00054277
0
0.00015995
0.00069518
0.00038397
9.0004e-05
0.00024685
0
0
0
0
0
0
0
0
0
0
0
0
0
0
0
0
0
0
0
0
0
0
0
0
0
0
0
0
0
0
0
0
0
0
0
0.00037618
0.0010942
0
0
0
0
0
0
0
0.005673
0
0.000578
0.000663
0.0020852
0.0027269
0.0018048
0.00028783
0.0050865
0.0025849
0.00030073
0.00080008
0.0012134
0.0028249
0.00015556
0.00051878
0.00089138
0.0019585
0.00011451
0.00019168
0
0
0
0
0
0
0
0
0
0
0
0
0
0
0
0
0
0
0
0
0.0014309
0.001035
0
0
0.00038384
0.00043991
0.00013107
0
0.00325
0.00019959
0.00014185
3.0224e-05
0.002575
5.1001e-05
0.00011588
0.0010605
0.0016405
0.00022289
0.00039999
0.001664
0.00041091
0.0004623
0.00064438
0.00035949
0.0014264
0.00092831
7.9646e-06
0.0025104
0.0011767
0.00047922
0.00036253
0.00033256
0.00064078
0.00033491
4.2817e-05
0.00033677
0
0.00038489
0.00059791
0.00046535
0.00017717
0.00067821
0.00036289
0
0
0
0
0
0
0
0
0
0
0
0
0
0
0.0012819
0
0
0
0
0
0
0.00018537
0.0023046
0
0
0.00035677
0.00051572
0.00049192
0.00021542
0
9.6894e-05
0.0002312
0
0.002083
0.0019147
0.0012029
0.003009
0.0021073
2.2807e-05
0.00060508
0.0010551
0.00106
0.0011139
0.00046443
0.00020565
0.001524
0.0015452
0.00073828
0.00070221
0.00031544
0.00021332
0.00031635
0.00018997
0
7.4742e-05
0.00023794
9.3271e-05
0.00013222
0
0.00026183
0.0006984
7.3732e-05
5.6318e-06
0.00014671
0.00057471
0
0
8.0043e-05
0.00077124
9.175e-05
0
0.00016293
9.3732e-05
0
0
0
0
0
0.001357
0.0025715
0
3.2057e-05
2.7127e-05
2.1371e-05
1.4686e-05
0
0
0
0
0.00013831
0.00026156
8.9864e-05
0
0
0
0
9.9175e-05
0
0.00013859
0.00043221
0.00012577
0.00015554
0.00015294
0.00014511
0
0.00017795
0.00058701
0.00036794
0.00021072
0.00018259
0.00048078
0.00032097
0.0001265
0.00035868
0.00032931
0.00056528
0.00020049
7.4745e-05
0.00038156
0.00041528
0.00022922
0.00037246
0.00022532
0.00056666
0.00072019
0.00047377
0.00037685
0.00029122
0.0012629
0.0011049
0.00023312
0.0010597
0.0023471
0.00077833
0.0001587
0.0004564
0.0011653
0
0
0
0
0
0
0.0013302
0
0.00012365
0.00063706
0.00041886
0.00012566
0
0
0.0016711
0.00014453
0.00016521
0.00019574
0.00022227
7.8363e-05
7.4243e-05
5.1101e-05
4.1e-05
0.00013533
0.00015357
0.0001197
2.5436e-05
0
0
0
0.00019372
9.8103e-05
0.00018765
0.00040578
0.0002078
0.00020585
0.00029743
0.00056146
0.00016773
0.00019808
0.00049238
0.00033022
0.00084132
0.00094841
0.00057985
0.00018574
0.00044958
0.00086654
0.00048825
0.0012319
0.0010067
0.0018869
0.001391
0.00035894
0.0010037
0.0014943
0.0023808
0.00062312
0.00075697
0.0025778
0.0010201
0.00016589
0.0005846
0.0039511
0
0
0
0
0
0
0
0
7.4403e-05
0.00019348
4.1538e-05
0
0
0
0.0010757
0.00079984
0.00028591
0.00050447
0.00034708
0.00020536
7.3733e-05
0.00014996
0.00033023
0.00044077
0.00024024
0.00046786
0.00025772
0
0
8.1466e-05
0.00027602
0.00018879
0.00054622
0.00047539
0.00034703
0.00023743
7.6601e-05
0.00016936
0.00018571
0.0006448
0.00062112
0.00047536
0.0022665
0.00136
0.00017607
0.00042972
0.00051615
0.001323
0.0011673
0.00040488
0.0024023
0.003204
0.00051944
6.5484e-05
0.001024
0.0026845
0.0018919
0.0010436
0.00259
0.0023445
0.001499
0.001026
0.0003569
0.0046664
0
0
0
0
0
0
0
0
0
0
0
0
0
0
0
0
0
0
0.00027427
5.1087e-05
0
0
0.00029241
0.00055544
0.00024458
0.00014802
0.00038002
0.00058125
0.00022267
7.5559e-06
4.6441e-05
0.00026651
0.00041028
0.00055356
0.00058769
0.00053559
9.9903e-05
9.5214e-05
0.00059062
0.0009844
0.00036003
0.00010354
0.0025209
0.00094197
0.00023417
0.00047222
0.0018019
0.0020571
0.0014459
0.00090408
0.0022127
0.0029309
0.00092119
0.0002908
0.00097541
0.0041103
0.002115
0.00034912
0.001374
0.0026085
0.0016257
0.00035958
0.0013382
0.0023634
