0.038717
0.038831
0.025217
0.066222
0.020804
0.0248
0.0193
0.020669
0.0076504
0.015648
0.0013356
0.0033779
0.0041556
0.0039427
0.0041221
0.0047718
0.019973
0.011418
0.0045144
0.0037103
0.0068818
0.01218
0.0037356
0.0034382
0.005722
0.0067266
0.011937
0.015898
0.0036974
0.0052854
0.0031271
0.0035094
0.0053717
0.0050381
0.0074297
0.043236
0.0060696
0.0033921
0.0083157
0.0089497
0
0
0
0
0
0
0
0
0.0027036
0.001748
9.4572e-05
0.00060994
0.0018037
0.00092978
0.00031229
0.0015298
0.0091676
0.0053627
0.0019978
0.0014631
0.0042553
0.007124
0.0014551
0.00028032
0.0017659
0
0
0
0
0.0028814
0.00012903
0.00039658
0.0030981
0.0082707
0
0
0
0
0
0
0.0013839
0.0050007
0.0011336
0.0023432
0.002352
0.0028434
0.0038098
0.003242
0.0012375
0.0048764
0.0017927
0.00062573
0.00029625
0.0016792
0.0017482
0.0011748
0.0080483
0.0010837
0.00069602
0.0020461
0.0021152
0.00046536
0.00020295
0.0015865
0.000215
0.0016499
0.0083427
0.0010993
0.00021639
0.0014016
0.00038919
0.00038457
0.0054385
0.005464
0.0024092
0.0019883
0.003481
0.0040533
0.0027203
0.0030131
0.00091651
0.0014186
0.0016487
0.00051036
0.00076847
0.00056412
0.0014889
0.0019202
0.0029798
0.0020947
0.0043224
0.0076439
0.0039603
0.0022908
0.0047729
0.0055496
0
0
0.0004637
0.0017186
0
0
0
0
2.3602e-05
7.3773e-05
0.00082901
0.010796
0
0
1.7592e-05
7.278e-05
0.00049708
0.00043913
0.00047944
0.015676
0.0005463
0
0
0.00011722
0.00064345
0.0011436
0.00069395
0.018943
0.00074318
0.00037406
0.0019403
0.00097981
0
0
0
0
0
0
0
0
0
0
0
0
0
0
0
0
0
0
0
0
0
0
0
0
0
0.00010029
0
0
0
0
0
0
0.0029045
0.0002479
0
0.0001794
0.00043902
0
0
0
0.0051225
0
0.00031198
0.00027838
0.0013472
0.00021603
0.0002519
0.00013398
0.00069884
0
0
0
0
0.0028814
0.00012903
0.00039658
0
0
0
0
0
0
0
0
0
0
0
0
0
0
0
0
0
0
0
0
0
0
0
0
0.0014852
0.00013023
0
0
0
0
0
0.00059416
0.00071331
0.00024372
9.4572e-05
0.00020696
0.0014959
0.00090197
0.00031229
0.00093566
0.00030892
0.0042242
0.0012686
0.0012491
0.00024274
0.0013713
0.00025893
0.00014634
0.00065287
0.0016154
0.00017245
0.0001593
0.0022263
0.0018083
0
0
0
0
0
0
0
0.0034327
0.00068351
0
0
0
0
0
0
0
0
0
0
0
0
0
0
0
0
0
0.0028913
0.002305
0
0
0
0
0
0
0.0010226
0.00036117
0.00026319
0
0
0
0
0
0.00047565
0
9.1788e-05
0.00021295
0.00035902
0.0019272
0.0036371
0.0027933
0.00077066
0.0066806
0.001288
0.00083568
0.00029625
0.0019749
0.00091518
0.00080515
0.00030421
0.00070393
0.00072654
0
0
0
6.0499e-05
5.1303e-05
0.0027764
0
0
0.00084218
0
0
0.00079744
0.0006702
0.0034084
0.0001735
0.00027233
0.00062059
0.00089524
2.2252e-05
0
0
0
0.0043976
0
0
0
0
0
0
0
0.00078637
0
0
0
0
0
0
0
0
0
0.00018914
0.0010679
0
0
0
0
0.0015496
0.00032107
0.0013475
0.00012453
0.00094406
0.00017272
0.00044872
0
0.000783
0
0
0
0
6.7677e-05
0
4.3449e-05
0.00012045
0.00027862
4.4851e-05
0
0
0.00016819
4.4851e-05
0.00045574
0.00046136
0.00019804
0.00015883
2.7815e-05
0
0
0.00014709
0.0018333
0.00046154
9.7997e-05
0.00016694
0.0002396
4.5874e-05
0.00011822
0.00072416
0
0.0024317
0.0035554
0
0
0
0
0
0.000215
0
0
0
0.00021639
0.0011693
0.00027451
0.00013703
0.0051429
0.0031628
0.00069475
0.001065
0.0025225
0.0011054
0.00064971
0.0013517
0
0.0010775
0.0012486
0.00011042
0.00026152
0.0028291
0.001357
0.0014733
0
0
0
0
0
0
0
0
0.00030308
0.00044165
0.00042059
0.00037937
0.00023768
0.0001624
0.0002918
0.00061811
0.00050224
0.00035593
0.00068027
0.00089455
0.00079428
0.00034106
0.0003489
0.00015741
0.00028532
0.00046928
0.00070508
0.0018087
0.00087482
0.00031183
0.00021571
0.00079359
0
0
0.0014316
0
0
0
0
0
0
0
0.0030206
0.00049328
0
0
0.00011468
0.00019191
5.143e-05
0
0.00021242
0.0011517
0.0012146
0
0.00016264
0.00013686
0.00024421
0.0012247
0.00036149
0
0.00059066
0.00035109
0.00026203
0.00010692
2.3602e-05
0.00028941
0.00025395
0
0
0
0.00013233
0
0.00057337
0.00018069
0.0008257
0
0.00029494
0.00040172
0.00047315
0.0013259
0.0015205
0.00027054
0.00094704
0.00086408
0.00017776
0.00037095
0.0010595
0.0020837
0.0008202
0.00080501
0.001365
0.0020753
0.00090099
0.0008504
0.0023984
0.0013241
0
0
0
0
0
0
0
0
0
0
0.00079869
0.0020704
0
0
0
0
0
0
0.00045095
0.0038505
0
0
0
0
2.3602e-05
0.00023454
0.0004395
0.00025511
0
0
1.7592e-05
0
0.00050562
0.00048233
0.00016386
6.3428e-05
6.6988e-05
0
0.00015666
0.00019
0
0.00012927
0.00028474
0.00032272
0
0
0
0
3.9337e-05
5.6732e-05
0.00013311
0.00015788
0
3.3839e-05
0.00025695
0.00014647
0.0004071
0.00044296
0.00064479
0.00099794
0.00069582
0.00048077
0.0021966
0.0010237
0
0
0
0
0
0
0
0
0
0
0
0
0
0
0
0
0
0
0
0.00033494
0
0
0
0
0
0
0
0.0060302
0
0
0
0
0
0
0
0.0065061
7.317e-05
0
0
0
0
0
0
0.0082488
0.00040614
0
0
0
0
0
4.7204e-05
0.0085627
4.5874e-05
2.7815e-05
0
0
0
0
0
0.0091538
0.00051192
0
0
0
