0.046025
0.027114
0.038417
0.040458
0.018833
0.020681
0.020896
0.042803
0.016208
0.012513
0.0022033
0.004384
0.0032003
0.0019542
0.0038288
0.0056914
0.020229
0.0064696
0.001376
0.0007712
0.0090417
0.0097937
0.0038092
0.018667
0.0010614
0.0022252
0.01675
0.011476
0.00099248
0.0016208
0.00056213
0.0012806
0.0085268
0.0059066
0.018087
0.023827
0.0055988
0.0073124
0.012696
0.017165
0.00053482
0
0
0
0
0
0
0
0.0089065
0
0
0
0
3.3343e-05
0.0011442
0.0014276
0.01306
0.0046981
0.00068238
0.00047369
0.0050128
0.0030299
0.00083328
0.00071863
0.0039499
0.00030075
0
0
0.0036559
0.0032319
0.00010767
0.0034285
0.0026443
0.0099422
0.00066061
9.0413e-06
0.00012307
0.00016328
0.00025302
0.00010883
0.0041221
0.0025121
0.0012273
0.0043218
0.003019
0.0017575
0.0017368
0.004155
0.001774
0.0012976
0.00063243
0.00022163
0.00034162
0.001657
0.00201
0.0015831
0.0012949
0.00017311
6.1187e-05
4.6102e-05
8.9778e-05
0.0018749
0.001489
0.012054
0
0
0.010538
0.0008792
0
0
0
0
0.00061523
0.0011098
0.0020913
0.00097829
0.00047657
0.00075197
0.00019349
0.00042564
0.0022281
0.0015325
0.0017859
0.0019248
0.00055226
0.00074216
0.0014778
0.0022274
0.0019247
0.0012243
0.0014021
0.0038493
0.0019318
0.00093951
0.0011875
0.0029399
0
0
0.00028502
0.00056006
0
0
0
0
0.00041761
0.0011239
0.0040084
0.008744
0.00031325
0.00086878
0.00036864
0.00068892
0.0013424
0.0010549
0.0070429
0.0096755
0.0014979
0.0024198
0.00351
0.0048045
0.0029249
0.0020267
0.0075433
0.0073717
0.001524
0.002985
0.0061299
0.0072132
0
0
0
0
0
0
0
0
0
0
0
0
0
0
0
0
0
0
0
0
0
0
0
0
0
0
0
0
0
0
0
0
0
0
0
0
0
0
0
0
0.0060631
0
0
9.7041e-05
0.00028781
0
0
0
0.0046861
0.00017443
0
0
0.0018249
0.00046473
0
0.0028459
0
0
0
0
0
0
0
0
0
0
0
0
0
0
0
0
0
0
0
0
0
0
0
0
0.0050144
0
0
0
0
0
0
0
0.0038922
0
0
0
0
0
0.000714
0.00064976
0.002623
0.0030602
0.00048961
8.3976e-05
0.00029203
6.8125e-05
0.00095826
0.00077788
0.0022291
0.0012483
0.00019277
0.00019429
0.0034277
0.002553
0.00030525
0.00036633
0.00069604
0.00027592
0
9.838e-05
0.0024257
0.001927
2.9157e-05
0.00048799
0.00036885
0
0
0
0.0003476
0.00084015
7.8508e-05
0.00020514
0
0
0
0
0
0
0
0
0.0028451
0.0035898
0.00017942
9.0413e-06
0
6.7295e-05
0.00017923
0.00010883
0.0023016
0.00097305
8.7285e-05
0.00074475
0.00028734
0.00035128
0
0.0020048
0
0.00049177
0.00037976
0.00092975
0.00046996
0
0.0012561
0.0015114
0.0008682
0.00082021
0.00016237
0.00020582
0.00024025
0.0003187
0.0002154
0.00054903
0.00042954
0.00043916
0.00030576
4.9149e-05
0.00010137
0.0020394
0.0010024
0
0
0
0
0
0.00015268
0.0018749
0.00012996
0
0
0
0
0
0
0
0
0
0
0.0047064
0.00033563
0
0
0
0
0
6.5198e-05
0.0010132
0.00014556
0
6.8072e-05
9.598e-05
7.3785e-05
0
0.00118
0.0001031
0.00047578
0.002614
0.0010857
0.00010613
0.00024009
0.0006388
0.00088073
0.00092237
0.00022168
0
0.001231
0.0010412
0.00024061
0
0.00021306
8.0522e-05
0
0
0
0
0
0.00011099
0.00014876
8.3368e-05
0.00010861
0
0
0
0.00064878
0.00059732
0.00014612
5.7467e-05
2.0617e-05
0
0
0
0.0011347
0.0048716
0.0011376
0
0
4.6102e-05
0
0
7.944e-05
0.0057077
0
0.00063281
0.0044985
0
0
0
0
0
0
0
0
0
0
0
0
0
0.00014537
0.00027924
0.00023238
8.1127e-05
0
0
0
0
0.00013018
6.3289e-05
0.0001575
0
0
3.8145e-05
0
0.00013705
0.00083768
0.00037105
0.0001747
7.6412e-05
0
0
0.0001957
0.00042801
0.00051745
0.00011466
0.00046542
0.00032826
7.9441e-05
0
0.00046163
0.00089902
0.00084292
0.00010798
0.00030131
0.000782
8.5924e-05
0.0001049
0.00034668
0.0015418
0.00029525
0.00026632
0.00034212
0.0002541
0.00027797
0
0.00027936
0.00081243
0
0
0
0
0
0
0
0
0
0
0.0054657
0.00059834
0
0
0
0
3.4782e-05
0.00034872
0.00034379
0.00029801
4.1235e-05
0
0
0
0.00029368
0.00021946
0.00062822
0.00051455
0.00026941
0.00024803
5.8532e-05
7.3833e-05
0.00031893
0.00051997
0.00067511
0.00016387
0.00029495
0.00024902
8.7789e-05
0.00020883
0.00058067
0.00022177
0.00026622
0.00093324
0.00018056
0.00039529
0.00087619
0.00055812
0.00049231
0.00031322
0.00048717
0.00097193
0.00041583
0.00032291
0.00046093
0.00068798
0.00038925
0.00048466
0.00022758
0.0010275
0.00056174
0.00012644
0.00014129
0.00042652
0
0
0
0
0
0
0
0
0
0
0.00085833
0.00056999
0
0
0
0
3.0793e-05
8.6358e-05
0.0013928
0.00437
0
0
0
0
0.00042664
0.0011945
0.0018518
0.00023846
0.00027164
0.00089348
9.5855e-05
0.00047104
0.00026453
0.00069712
0.0019986
0.00082881
0.0005058
0.0011203
0.0011233
0.0011541
0.00050042
0.00021755
0.001461
0.0011842
0.00051259
0.00075997
0.00071372
0.00079661
0.00043335
0.00019519
0.0028408
0.0021576
0.00026352
0.00056356
0.0015139
0.0008917
0.00091142
0.00023248
0.00073771
0.0021695
0.00089982
3.2599e-05
0.0015562
0.0017829
0
0
0
0
0
0
0
0
0
0
0
0
0
0
0
0
0
0
0
0
0
0
0
0
0
6.3931e-05
0.0012069
0.0037462
0
0
0
0
1.6671e-05
3.9823e-05
0.001497
0.0047494
9.5369e-05
0.00021688
0.00065768
0.0016745
0.00065535
0.00035146
0.0013593
0.0017013
0.00025495
0.00036564
0.00086838
0.0012311
0.00072558
0.00077175
0.0021587
0.001495
0.00025582
0.0016914
0.0012792
0.0017747
0.00047596
0.0004317
0.0013203
0.0015208
0.00044867
0.00080172
0.0015224
0.0011817
