0.016007
0.011287
0.0099845
0.029206
0.06488
0.029193
0.037954
0.053817
0.007061
0.0040778
0.0020257
0.0089237
0.02716
0.024448
0.0092723
0.0025481
0.0051681
0.0058018
0.0059851
0.01762
0.034559
0.0038983
0.0033512
0.0053072
0.0021391
0.0012114
0.00029927
0.0017926
0.0030173
0.00033597
0.019991
0.021687
0.0016393
0.00019555
0.0016744
0.00086915
0.00014335
0.00051057
0.0053396
0.024275
0
0
0
0.0004211
0.0076966
0.0043313
0
0
0.00011926
0.0011166
0.00038696
0.0074152
0.013695
8.8864e-05
0.00014923
0.00040464
0.003271
0.0042931
0.0019111
0.0042804
0.01379
0.0016973
0.00044512
0.0019344
0.0013155
0.00044122
0.00010393
0.00052633
0.001226
0.00075564
0.0013745
0.00056623
0
0
0
0
0.00065098
0.015766
0.0063131
0
0.0069417
0.0026591
0.0012809
0.0010514
0.0044679
0.004145
0.00281
0.0017321
0.00022929
0.0013695
0.0041323
0.0074776
0.0015877
0.0011023
0.0010658
0.00063025
0.00035234
0
0.00019554
0.0052637
0.018033
0.00045979
0.00043324
0.002237
0.00043095
0
0
0
0
0
0.012745
0.0036399
0.00055848
0.00044384
0.00015133
0.00016418
0.00018592
0.00012464
0.0032611
0.0092077
0
0
0
0.00023956
0
0
0
0
0.00018319
3.1875e-05
0.0001541
0.00073802
0.00014335
0.00026787
0.00032338
0.00031057
0
0
0
0.00042138
0.0022566
3.3599e-05
0
0
0.0011496
0.00073317
0.00014794
0.001207
0.00057479
0.00017773
0.0039852
0.0084346
0.0014561
0.00016368
0.0015203
0
0
9.1543e-05
0.002224
0.018456
0
0
0
0
0
0.00011579
0.0023701
0.0062634
0
0
0
5.319e-05
0.00045171
2.535e-05
0
0
0
0
0
0.00033889
0.00022554
0
0
0
0
0
4.4504e-05
0.00018148
2.976e-05
5.3502e-05
0.00014923
0
0
0
0.00014499
0.00018086
0
0
0
0.00022027
0.00023422
0
0
0.00025576
0.0038585
5.0183e-05
0
0.0010154
0.0002439
0.00050903
0.00037244
0.0029471
0.0045895
5.3043e-05
6.3272e-05
0.00052246
0.00013499
0
0.00012561
0.00016022
0.00096183
0
0
0
0.00050654
8.0097e-05
0
0
0.0001031
0.00014801
0.00056019
0.0003187
0
0
0
0
0
0
0
0
0
0
0
0
0.0063894
0.0036527
0
0
0
0
0
0.0034601
0.0070137
0
0
0
0.00011926
2.6357e-05
0
0.0035506
0.0061572
0
0
4.7971e-05
0.0015241
0.0012481
0.00019746
0.0010694
0.0064662
0.0014492
0.00031563
0.00016319
0.0010787
0.0031336
0.00093637
0
0
0
6.6222e-05
0.00012751
0.00069774
0.00043194
5.5601e-05
0.00040256
8.7053e-05
0
4.8779e-05
5.2979e-05
0
0
0
0
0
0.00017685
0.00035019
1.8638e-05
0
0
0
0
0
0.0067823
0
0
0
0
0
0
0.00065098
0.0032464
0
0
0.00024947
0.00039172
0.00047775
0.00010322
0
0
6.3285e-05
8.2722e-05
0.0012649
0.00076627
0.00028448
0.00020786
0.0012021
0.00062039
0.00056131
0.00017946
0.00013564
0.0015155
0.0023839
0.00014184
0.00081024
0.0012948
0.00016631
8.8406e-05
0.0001663
0.00033562
0.0014969
0.0035953
0.00048665
0.00016082
0.00081339
0.00066406
0.00042475
0
0
0.0042033
0.0057446
0
0.00014849
0.00093629
2.125e-05
2.125e-05
0
0.00095098
0.0094607
0
0
0
0
0
0
0
0
0.006391
0.0050726
0
0
0
0
0
0
0
0
0
0.0052526
0.00137
0.00051869
0.00074031
0.0031839
0.0022652
0.00093011
0.0012875
0.00017476
0
0
0
8.1931e-05
0.0010633
0.0012553
0.00018246
0
0
7.9347e-05
0
0
0
0
0
0
5.0183e-05
0.00056044
0.0018686
0.0002908
2.3016e-05
5.0097e-05
0
0
0
0.00023151
0.0015437
0.00030194
0.00033651
0.00016487
0.0012451
0
0
0
0
4.3808e-05
0.00012328
0.00015584
0.00017564
0.00043095
0
0
0
0
0
0.0017428
0.00035056
0
0
0
0
0
0
0.0067826
0.0010649
0
0
0
0
2.6357e-05
0
0
0
0
0.00044384
0.00015133
0.00016418
0.00015957
0.00012464
0.00022182
0.00014111
0
0
0
0
0
0
0
0
0
0
0.0001008
0.00021072
0
0
0
0
0
0
0
0.00080389
0.00037544
0.00020685
0.00016747
0
0.00018319
3.1875e-05
0.0001541
0.00044341
7.6194e-05
6.1024e-05
0.00015591
0.00031057
0
0
0
0
0
0
0
0
0
0
0
0
0
0
0.0047466
0.0022244
0
0
0
0
0
0
0.0029998
0.0062142
0
0
0
0
0
0
0
0
0
0
0
0
0
0
0
0
0
0
0
0
0
0
0
0
0
0
0
0
0
0
0
0
0
0
0
0
0
0
0
0
0
0
0
0
0
0
0
0
0
0
0
2.3758e-05
0.00019844
0
0
0
0.00055848
0
0
0.00010384
0.00052193
9.6223e-05
0
0.0028524
0.00043892
5.2467e-05
0
0
0
8.1506e-05
0.0039188
0.0079449
0
0
0
0
0
0
0.00081893
0.0052056
0
0
0
0
0
0
0
0
0
0
0
0
0
0
0
0
0
0
0
0
0
0
0
0
0
0
0
0
0.0013674
0
0
0
0
0
0
0.00035543
0.0006074
3.3599e-05
0
0
0.00049773
5.2467e-05
0
0.00091638
7.0786e-05
0
0
0
0
0.00041499
0.00014794
0.00022898
0
0
0
0
0.0003656
0
0
0
0
0
0.000671
0.0045273
0.00059469
0
0
0
0
4.4301e-05
0.0014339
0.0087008
0.00049578
0.00016368
0.0015203
0
0
0.00011579
0.0023701
0.0035833
0
0
0
0
0
0
0
0
