0.021928
0.030239
0.039886
0.028927
0.033172
0.03681
0.039153
0.027053
0.005965
0.003584
0.001901
0.0010471
0.0088289
0.0069066
0.0014994
0.0027221
0.0050701
0.0048647
0.0042153
0.0020941
0.009795
0.0051916
0.0039864
0.0022647
0.0041619
0.011309
0.013134
0.005579
0.0069338
0.012711
0.013767
0.004837
0.0067306
0.010481
0.020635
0.020207
0.0076139
0.012001
0.0199
0.017229
0
0
0
0
0
0
0
0
8.5117e-05
0
0
0.00012678
0.0043032
0.0003995
0
6.4349e-05
0.00176
0.00085229
0.00058904
0.00068412
0.0060908
0.0010085
0.00079387
0.00024435
0.0015962
0.00096617
0.00030682
0.00014297
0.0014831
0.00089182
2.185e-05
0.00041199
0.00069767
0.0012497
0.00014743
0.00020992
0.0022734
0.0050028
0.001252
0.0011804
0.0051168
0.0023342
0.0016197
0.00031114
0.0019138
0.0013315
0.00024742
0.0013902
0.0013447
0.0022747
0.001359
0.0002354
0.0017905
0.0023459
0.0021236
0.0011544
0.00036661
0.00067677
0.001845
0.00090432
0.00060014
0.00066203
0.0010471
0.00036862
0.00067702
0.0014411
0.0022635
0.0011439
0.0010719
0.0026407
0.0035006
0.00046325
0.00077723
0.0022795
0.0021334
0.0022425
0.0025148
0.0027478
0.0012498
0.001177
0.0011298
0.0020679
0.0030921
0.0014058
0.00062272
0.0025078
0.0017018
0.001499
0.00095836
0.00087525
0.0048235
0.0060096
0.0012242
0.0018409
0.0033566
0.0034923
0
0.00014246
0.00040838
0.00025485
0.00027846
0.00090738
0.0039036
0.0011576
0.0025276
0.0074457
0.0077257
0.0022221
0.0029991
0.0064217
0.004602
0.0017727
0.0025327
0.0058242
0.0062497
0.0048057
0.0039729
0.0063526
0.0088778
0.0048998
0.0022195
0.0014259
0.0059947
0.0069896
0.0014297
0.0012962
0.0057356
0.0074065
0
0
0
0
0
0
0
0
0
0
0
0
0
0
0
0
0
0
0
0
0
0
0
0
0
0
0
0
0
0
0
0
0
0
0
0
0
0
0
0
0
0
0
0
0
0
0
0
0.00058175
9.1457e-05
3.6691e-05
6.8246e-05
0.00077157
0
0
0
0.00040789
0
0
0
0.00015967
0.00010326
0
0.00030375
0
0
0
0
0
0
0
0
0
0
0
0
0
0
0
0
0
0
0
0.00012678
0.00086949
0.00016234
0
0
0
0
0
0
0.0025871
0.00023716
0
0
0.00039736
9.2293e-05
7.3786e-05
0.00021187
0.0035561
0.00025675
0.00033588
0.00012916
0.00098933
0.00054654
0.00047947
0.00047225
0.0026663
0.00031286
0
0.000141
0.00097988
0.00079277
0.00014015
7.4724e-05
0.00062903
0.00071156
0.00028973
0.00010824
0
0
0
0
0.00016991
0.00043984
2.185e-05
0
0
0
0
0
0
0
0
0
0
0
4.0336e-05
0
0.0011218
0.0016549
7.0622e-05
0
0.00046314
0.00070329
0.00051902
8.7176e-05
0.0015162
0.0011355
0
9.6025e-06
0.00094772
0.00016379
0.00012293
8.1794e-05
0.00035687
0.0002871
0.00013126
0.00069934
0.00057294
0.00070839
0.00020617
3.0095e-05
1.118e-05
0
0.00066496
0.00040183
0.00030005
0.00071806
8.9018e-05
0.0001224
0.0010032
0.00092986
0.00015727
0.00016691
6.4907e-05
0.00079562
0.0014265
5.9728e-05
0.00015859
0.0005559
0.00031498
0
0
0
0
0
0
0
0
0
0
0
0
0
9.7927e-05
0.0007976
0
0
0.0005327
0.0008015
9.9937e-05
0.00020992
0.0010068
0.0019772
0.00097567
0.00030759
0.0018086
0.0009689
0.00036826
0
0.00037892
3.3418e-05
0.00010143
0.00035503
0.0017692
0.00043548
0.00017542
0.00014217
0.00012219
4.2944e-05
8.1328e-05
0.00029507
0.0002113
0
0.00010558
4.1685e-05
0.00056644
0.00064747
0.0010929
0.00039721
0.000228
0.00046363
0.00026486
4.1215e-05
0.00020965
0.00037326
0.00037667
0.00024384
0.00027327
0.00034961
0.00072083
0.00017018
7.6983e-05
4.9338e-05
0.00049712
0.00038294
0.00017212
3.8035e-05
0.00018184
0.00051275
0.00031084
0
0.00021201
0
1.3504e-05
0.00018764
4.4582e-05
0.00010978
0
0.00069858
0.00099845
0
0.000536
0.0013498
0.0010078
0.00067271
0.00029653
0.00089228
0.00016973
0.0011176
0.00021276
0.00082832
0.0011846
0.0007677
0.0003626
0.00067232
0.00055897
0.00081158
0
6.4733e-05
0.00033934
0.00073228
0.00073021
0.00066695
8.3468e-06
5.902e-05
0.00020127
0.00044499
0.00056652
8.728e-05
0.00040838
0.0016489
0
0.00015741
0.00028919
0.00053453
0.00039387
0.000362
8.3332e-05
0.00027332
0.00046291
0.00027228
0.00023316
0.00026861
0.0014996
0.00057814
0.00010155
0.00060887
0.0006871
0.00012188
0.00022336
0
0.0010343
0.00044593
0.00014057
0.00026565
0.00042692
0.00077335
0
0
0
0
0
0.00054306
0.0012846
0
0.00018507
0.00031296
0.0007298
0.00034865
0.00065213
0.00063252
0.00063151
9.1077e-05
0.00025693
0.0012112
0.00075914
0.00035606
0.00035759
7.6727e-05
6.478e-05
7.3901e-05
0.00025368
0
0.00021997
0.00021437
0.00047359
0.0011234
0.00038281
0.00031976
0.00012273
0.00020021
0.00010164
4.031e-05
0
0
6.7579e-05
6.787e-05
0.00046442
0.00033147
0.0014511
0.0001228
0.00040678
0.00040703
0.00078964
0.00029662
0.00029345
0.0003353
0.0011943
0.0016769
0.00023096
0.00039377
0.001391
0.0008141
0.0002377
0.0002944
0.0011599
0.0027426
0.00069455
0.00057563
0.00071211
0.00085916
0
0
0
0
0
0
0
0
0
4.8106e-05
0.00062095
0.00025485
0.00025073
0.00036562
0.0022479
0.00022541
0.00043648
0.00063658
0.00044611
0.00031471
0.00046075
0.00067118
0.00041615
0.00023347
0.00080952
0.0010488
0.00064929
0.00088542
0.0010816
0.00090661
0.00051406
0.00045638
0.00057739
0.0025854
0.001864
0.00024766
0.0011311
0.0012423
0.00090988
0.0014606
0.0005764
0.00091041
0.0008816
0.0016436
0.00097698
0.0017459
0.0010315
0.0012941
3.4474e-05
6.3049e-05
0.0020119
0.00135
0.00024863
0.0001771
0.0010221
0.00094863
0.00053723
0.00023751
0.00073973
0.001632
0.00012079
0.00015149
0.00073471
0.0017316
0
0
0
0
0
0
0
0
0
7.8221e-05
0
0
0
0.00073473
0.0016889
0.00076363
0.00036065
0.0030486
0.0015124
0.00052244
0.00065246
0.0023145
0.0016626
0.00041108
0.00080892
0.001582
0.002164
0.00017439
0.00096398
0.0017359
0.0012716
0.00067173
0.0010944
0.0028012
0.002911
0.00075659
0.0010987
0.0022351
0.0037642
0.00047879
0.00057291
0.00046356
0.00151
0.0015307
0.00040146
0.00048168
0.0013262
0.0008689
0.00044219
0.00037692
0.0013513
0.0019923
0.00026111
0.00053531
0.0027279
0.0027101
0.00071457
0.00053013
0.001677
0.0019412
0.00054951
0.00041002
0.0013548
0.0020446
