0.023015
0.033374
0.038931
0.029359
0.027945
0.036058
0.037056
0.027762
0.0068376
0.013721
0.011478
0.008204
0.0090699
0.014796
0.0053234
0.005047
0.0070058
0.0094929
0.0089803
0.009322
0.010754
0.010375
0.0098007
0.0075479
0.002928
0.004175
0.0058342
0.0039186
0.0026829
0.0038229
0.010288
0.0074288
0.0062439
0.0059857
0.012638
0.0079145
0.0054382
0.0070644
0.011644
0.0077383
0.00083858
0.00037177
3.2868e-05
0
0.00072573
6.6008e-05
4.9481e-05
0.00054894
0.00099923
0.0014514
0.00079271
0.0025037
0.0046162
0.0023695
0.00029904
0.00072182
0.0027313
0.0040479
0.002199
0.0024992
0.0044009
0.0025544
0.0012023
0.0019291
0.00043816
0.0008908
0.00082381
0.00084182
0.00094799
0.00067706
0.0012434
0.00065601
0.00047233
0.0038239
0.0028268
0.00060791
0.0011532
0.010828
0.004564
0.00072872
0.0044283
0.0079509
0.0073771
0.0049877
0.0023689
0.00062651
0.00041091
0.002811
0.0019598
0.0035054
0.0042985
0.0028269
0.0030815
0.0065265
0.0062497
0.0030984
0.0017467
0.0010963
0.0017781
0.0024882
0.0019753
0.0010648
0.0010197
0.0020373
0.00076659
0.0011426
0.0019412
0.0010611
0.00037917
0.0018353
0.0074653
0.0025456
0.0011368
0.0027312
0.0037102
0.00184
0.00091085
0.0021624
0.0023108
0.002729
0.00082872
0.0017179
0.0036297
0.0014713
0.00048285
0.001894
0.00083754
0.0013766
0.0023308
0.0014903
0.002902
0.0038978
0.0032089
0.0012618
0.0015945
0.0022541
0
0
0
0.00013806
0.00029756
0
0
0
0.0010601
0.00019837
0.00038018
0.00087948
0.0010597
3.4297e-05
0.00039708
0.0020089
0.0024756
0.0021404
0.0046417
0.0012714
0.00052243
0.002651
0.0066319
0.0025122
0.00049285
0.00074727
0.0015968
0.0018366
0.0014556
0.0013114
0.002308
0.0018044
9.5298e-05
0
0
0
2.4498e-05
6.6008e-05
4.9481e-05
0.00041679
0
0
0
0
0
0
0
0
0
0
0
0
0
0
0
0
0
0
0
0
0
0
0
0
7.0415e-05
3.4645e-05
4.8996e-06
0
0
4.0403e-05
0.00010216
0.00013749
0.00026065
0
0
4.3823e-05
0.0015609
0.00027861
0.00011173
4.924e-05
6.9722e-05
0.00048585
0.00017209
0.00045152
0.00059209
0.00014316
9.4246e-05
0.00041462
0
0
0
1.9598e-05
0
0
0
0
0
0
0
0
0
0
0
0
0.00074328
0.00033713
0
0
0
0
0
2.6385e-05
0.00031099
0.00020448
6.9291e-05
0.00064512
0.0024888
0.0023695
0.00029904
0.00042834
0.00057813
0.0012469
0.00072342
0.0017858
0.0023314
0
0
0.00014816
0.00011635
0.0010462
0.00034429
0.0011533
0.00090677
0.00061353
0.00033778
0.00064899
0.0017435
0.0019795
0.0012148
0.00099679
0.0020207
0.0012052
0.00065068
0.0012002
0.00066694
0.00091785
0.001218
0.00059554
0.00023069
0.00053391
0.0011491
0.00030582
0
0
0
0
0
0
0
0
0
0
0
0
0
0
0
0
0.00021085
0.0025229
0.00059448
0.00037167
0.0013379
0.0050394
0.0011574
0.00046987
0.00059123
0.0015047
0.00080366
0.00047712
0.00045761
0.00016215
0.00017828
0.0004884
0.0032757
0.0030673
0.00084837
0.00025684
0.00027469
0
0.00018148
0.0013443
0.0015097
0.00099609
0.0010561
0.0003884
0.0004785
0.0015465
0.0038711
0.0027615
0.00050485
0.0012434
0.00085464
0.00093991
0.00038381
0.0012837
0
0.00021734
0.00011188
0.00044264
0.0013854
0.00073658
0.00017515
0.00020779
0.00025265
0.0002188
0.00017924
0.00034109
0.00032165
0.00060065
8.0842e-05
7.3494e-05
0
0.00012842
9.8298e-05
0.00026907
0.00045413
0.00015877
0
0
0.00014492
0.00025885
3.8267e-05
0.00087161
0.0015271
7.747e-05
0.00011144
0.0052458
0.0027176
0
0.00041112
0.0022586
0.0020258
0.0004495
0
0.00052496
0.00010527
0.0002446
0
0.0008363
0.0037244
0.003466
0.00080267
0
0
0
0
0
0.0002652
0.001257
0.0028145
0.0037046
0.0016305
0.00026948
0.00045675
0.0010999
0.0010478
0.00047406
0.00028248
9.7992e-05
0.00068834
0.00063368
0.0011113
0.00053168
0.00092171
0.00065163
0.00068115
0.00051396
0.00039139
0.00055909
0.00030805
0.00011188
0.00029286
0.00048288
0.00066438
0.00025557
9.8961e-05
0.00060506
2.4983e-05
0.0004242
0.00049691
7.6947e-05
0
0
0
0
0.00023624
0.00022609
0.00037115
0.00014714
5.5864e-05
0.0016919
0.0053272
0.00026157
0.00032495
0.0013698
0.0013672
0.00010845
0.00024016
0
0
9.051e-05
0.00026603
0.00056701
0.00042705
0.00024018
5.8999e-05
0.0011868
4.5172e-05
9.8481e-05
0.00036167
0.00041838
0.0007154
0.0001079
0.00021613
0.00035602
8.2132e-05
6.3695e-05
9.75e-05
0.00062241
0.0011112
0.00043259
5.0005e-05
0.00064373
0.00032593
0.00020772
0.00017134
0.00064865
0.0010218
0.00076623
0.00051383
0.00045352
0.00037333
0.00060169
0.0017854
0.00035983
0.00031577
0.0017794
0.0013135
2.1912e-05
0.00058604
0.0011
0.00019801
4.8996e-05
0
0.00035365
0.00025931
0.00031234
0.00028842
0.00032234
0.00025436
0.00045068
0.0010673
0.00043822
6.4e-05
0.00031281
0.0023397
0.0016251
8.3437e-05
0.0007622
0.0012032
0.00039975
0.00027601
0.00022729
0.00076141
0.0021962
0.00046329
0.00025262
0.00089764
0.00077892
0.0001395
0.0005808
0.00086237
0.00019791
0.00028599
0.00052421
0.00043932
0.00033844
4.4368e-05
0.0001083
0.00015965
0.00063067
0.00013256
0.00013572
0.00055709
0.00038731
0.00023841
0.00032215
0.00028369
0.00031803
0.00017955
0.0002645
0.00052127
0.00039691
0.0004771
0.00044281
0.00020849
0.00022605
0.0001389
0.00034864
0.00092792
0.00058341
0.00065752
0.00021586
0.00013645
0.00025729
0
0
2.4498e-05
4.5172e-05
0
0
0
0
0
0
0
0.00013806
0.00024641
0
0
0
0.00012748
3.9502e-05
0.00015439
0.00039067
0.00041453
0.00018169
0.0006536
0.00047201
0.00090325
0.00032897
0.00028122
0.00016679
0.00048642
2.0202e-05
0.00034379
0.0011892
0.00014917
0.00014334
0.00079733
0.00022572
3.0988e-05
0.00059157
0.00095612
0.0010179
0
0.00022099
0.0005799
6.8199e-05
4.5172e-05
0.00082377
7.495e-05
0.00024385
9.0594e-05
0.00010689
0.00037429
0.00037577
0.00018237
0
0
6.0791e-05
0.00011429
0.00054442
0.00076708
0.00052741
0.00024227
3.8267e-05
0
0.0001299
0
0
0
0
0
0
0
0
0
0
0
0
0
0
0
0
5.9557e-05
0
0
0.00044672
0.00025722
0
0
8.5607e-05
2.1912e-05
8.1103e-05
0
0.00010801
0.00011784
0
2.7716e-05
0.00028561
0.0004723
0.00032052
0.00043876
0.00013311
0
0.00028422
0.00099274
0.00053587
0.0010443
0.00086175
0.0028014
0.00044849
0.00033433
0.0014726
0.0030637
0.00038576
0.00060085
6.2746e-05
0.00040247
0.0010753
0.0002282
0.00045889
0.0016394
0.00091698
0
0
0.00038874
0.00026124
0.00024502
0
0
0
