0.050973
0.026866
0.028061
0.046215
0.033943
0.017985
0.023056
0.02574
0.0073525
0.011544
0.0060871
0.00073355
0.00065256
0.0072025
0.011839
0.0059933
0.030996
0.0041106
0.0017193
0.0015938
0.0030876
0.0024136
0.00049998
0.0051764
0.0045417
0.0044126
0.01142
0.015451
0.0039187
0.0036712
0.0035426
0.0021983
0.0080835
0.0067984
0.0088344
0.028437
0.026285
0.0046976
0.0071741
0.012372
0
0
0
0
0
0
0
0
0.003804
0.0062831
0.001468
0.00017271
0.00038209
0.0059686
0.0042428
0.00044808
0
0
0
0
0
0
0
0
0.0037461
0.00038129
0
0
0
0
0
0
0.0012395
0.0023304
0.00028518
0
0
0
0.00047103
0.0004257
0.002309
0.0028612
0.0043339
0.00056084
0.00027047
0.001234
0.0071091
0.004709
0.012919
0.0015355
0.00045289
0.0004007
0.00039086
0.00072924
0.00030406
0.0040767
0.013456
0.0020981
0.0011445
0.00098517
0.002356
0.0015929
0.00017032
0.001427
0.0016973
0.0019995
0.0060914
0.00034311
0.0015515
0.0012308
0.00081749
0.00039237
0.002597
0.0024027
0.0028612
0.0028191
0.0019211
0.0024404
0.0026359
0.0018059
0.0019568
0.0026529
0.0024096
0.0042716
0.0018119
0.0009798
0.0014645
0.0035699
0.0041525
0.002563
0.0032017
0.0078367
0.0037797
0.002169
0.003029
0.0041713
0
0
0.0010475
0.00094762
0
0
0
0
0.0002474
7.9877e-05
0.0013597
0.011016
0.00044613
0
8.9209e-05
0
0.00073532
0.00062952
0.0018313
0.010369
0.0078321
0.00089545
0.0016629
0.0018955
0.0014042
0.0010486
0.0015316
0.005717
0.01317
0.00065329
0.0010595
0.0027332
0
0
0
0
0
0
0
0
0
0
0
0
0
0
0
0
0.00035924
0
0
0
0
0
0
0
0.0025729
0.00070315
0
0
0.00014144
0.00063238
0.0009388
0
0
0
0
0
0
0
0
0
0
0
0
0
0
0
0
0
0
0
0
0
0
0
0
0
0
0
0
0
0
0
0
0
0
0
0
0
0
0
0
0
0
0
0
0
0
0
0
0
0.00042532
0.0052882
0.00068902
0
0
0
0.0001213
0.00025231
0.00044662
0.00013522
0.00033433
0.00017271
0.00024065
0.00509
0.0028028
0.00019577
0
0
0
0
0
0
0
0
0
0
0
0
0
0
0
0
0
0
0
0
0
0
0
0
0.0021519
0
0
0
0
0
0
0
0
0
0
0
0
0
0
0
0.00045663
0.00035912
0
0
0
0
0.00047103
0.0001721
0
0.0019486
0.0035827
0.00021922
0
0
0
0.00066012
0.00039171
0.00040681
0.00056478
0
0
0.0014802
0.0061341
0.00064954
0
0
0
0
0
0
0
0.00033699
0.0042118
0.00038129
0
0
0
0
0
0
0.0071311
4.4726e-05
0
0.00029618
0.00015049
0.00027595
2.8383e-05
0.00018562
0.0047002
0.0010487
0.00019939
0
0
0.00024766
7.903e-05
0.00025879
0
0
0
0
0
0
0
0
0.00078284
0.0017783
0.00028518
0
0
0
0
0
0.0018764
0.00067313
0.00063106
0.00034162
0.00027047
0
0.0013359
0.0029407
0
3.0976e-05
0
0
0
0
0
2.1274e-05
0.0028737
0.00015595
0.0001837
0
0
8.2546e-05
0.00010141
0.0039174
0.0038304
0.00085789
0.00014054
0.00023374
9.0309e-05
0.00025027
0
0.00042514
0.0021782
0.00018854
0.0005398
0.00043176
0.0016184
0.00058689
0.00021497
0.00089958
0.00073309
0.00069303
0.00043309
0.00037677
0.00048325
0.00060462
4.6706e-05
0.0001711
0
0.00030836
0.00066912
0
0
0
0
0
0.0012206
0.0013393
0.0011737
5.1994e-05
0.0014046
0.00070354
0.00018054
0
0.0015792
0.00055016
0.0015512
0.001968
0.00061592
0.00069057
0.0017058
0.0012129
0.00020455
0.00010689
5.2548e-05
0
0
0
5.6206e-05
0.00011809
0.00028066
0.00034545
0.00058416
0.00025089
0.00044543
0.00017742
0.00015244
0.00013247
0.00058651
0.0011988
0.00033771
0.00083584
0.00062555
2.8383e-05
0.00036526
0.0010209
0.0014123
0.0013696
0.00048893
0.0018749
0.0012976
0.0011807
0.00064407
0.00066628
0.0010981
0.00091868
0.00056976
0.0012075
0.0010788
0.0006165
0.00059157
0.00080769
0
0
0.00059487
0
0
0
0
0
0.00019276
0.00050305
0.0032916
0.00017667
0
0.00045798
0.00061214
0.00039237
0.00094557
0.0016745
0.00065338
0.00071158
0.0014207
0.0016566
0.00052719
0.00040997
0.00012309
7.1158e-05
0.00035275
0.00010155
3.1411e-05
0.00016254
0.00029239
2.7738e-05
0.00050986
0.00017492
0.00042076
0.00044095
5.7591e-05
8.562e-05
0.00024624
0.00065923
0.00030351
0.00060701
0.00090638
0.0017826
0.00046422
0.00038956
0.0002887
0.001356
0.00051829
0.00040503
0.00073579
0.0024281
0.00033762
0.00011041
0.00048337
0.0006497
0.0010285
0.00011693
0.00093811
0.0015897
0.001304
0.00050359
0.00098328
0.0013164
0
0
0
0
0
0
0
0
0
0
0.0012285
0.0010169
0
0
0
0
0
2.1903e-05
0.00057269
0.0013953
0.00012999
0
0
0
0.00019694
5.7974e-05
0.00046175
8.0395e-05
0
0
0.00016833
3.7214e-05
0.00047882
0.00019899
0.00064549
0.00019593
0.00058603
0.00013252
0.00044305
0.00027013
0.0002874
0.00042115
0.00062591
0.0016808
0.00039264
0.00054018
0.0014833
0.0014243
0.0013141
0.00023532
0.0011044
0.0011765
0.0011829
0.00031637
0.00049809
0.0013945
0.00029946
0.00054442
0.00043694
0.0011485
0.0001936
0.00063741
0.00070839
0.0016926
0
0
0
0
0
0
0
0
0
0
0
0
0
0
0
0
0
0
0.00056893
0.0034144
0
0
0
0
0
0
9.5873e-05
0.0054768
0.00031613
0
0
0
0
3.9228e-05
6.1085e-05
0.0063735
0.00043034
0
0
1.2034e-05
0
0.00012288
0.00025657
0.0027682
0.0047859
6.9263e-05
0
0.00010072
0.00013924
0.00019511
0.00016472
0.00020192
0.0076133
3.0086e-06
0.00012373
0.00038859
0
5.1411e-05
0.00026242
0.0019587
0.0059064
0
0
0
