0.027717
0.018151
0.020598
0.030403
0.047673
0.03701
0.036475
0.036172
0.0078674
0.00905
0.0060032
0.010012
0.021081
0.022561
0.0071252
0.0044965
0.011166
0.0060806
0.0060975
0.010785
0.020879
0.0097779
0.0044339
0.0051445
0.0023245
0.00079271
0.0023851
0.0019203
0.0019681
0.0011745
0.01569
0.0079928
0.0063593
0.0022276
0.0061121
0.0076854
0.0037455
0.0034965
0.0092254
0.018538
0.0011362
0.0012031
0.0010188
0.0011211
0.0018641
0.0018666
0.0017621
0.00075336
0.0014525
0.0020228
0.0012761
0.0011261
0.011604
0.00073094
0.00079579
0.00082093
0.0060206
0.0021186
0.0019897
0.0013153
0.0054667
0.0060217
0.00097978
0.00066633
0.0029365
0.0018261
0.0012605
0.0018732
0.0022528
0.0012108
0.0013737
0.0020914
0.00021547
7.8711e-05
0
0.00035317
0.0032853
0.010523
0.00071888
0.00022176
0.0048147
0.0055934
0.0035696
0.0073329
0.0037009
0.0094408
0.0034488
0.0027004
0.00068294
0.0018307
0.0027595
0.0030363
0.0034511
0.00094342
0.0015713
0.00096535
0.0016387
0.00029358
0.0001842
0.0045199
0.0099111
0.0012152
0.0004067
0.00097522
0.000365
5.0867e-05
0.0010806
0.00049584
0.00022877
0.00022847
0.012441
0.0025607
0
0
7.5547e-05
0
0
2.1158e-05
0.00034053
3.2831e-05
0.00094097
0.00089601
0.0014953
0.0012946
0.00064706
0.0010462
0.00286
0.0025096
0.0018075
0.00082619
0.0035623
0.0043085
0.0014019
0.00087021
0.0039309
0.0073615
0.00096334
0.00028558
0.00055689
0.00092226
0.0010184
0.00063213
0.0019982
0.00094592
0.00095304
0.00030496
0.00050303
0.00042283
0.00072085
0.00026809
0.0012923
0.0044258
0.0012929
0.00031137
0.00070482
0.00038615
0.00053842
0.00054995
0.00070271
0.0043289
0.0023612
0.00028255
0.00042011
0.0014681
0.0011581
0.00095905
0.0016152
0.0045702
0.0003346
0.00030559
4.0144e-05
7.283e-05
0.00033592
0.00036457
0.00063498
9.7693e-05
0.00028474
0.00068136
0.00045395
0.0002268
0.0002757
0.00089092
0.00024225
8.4803e-05
0.00010282
0.00039471
0.00012686
0.00041899
0.00015072
0.0003619
0.00059401
0.00032299
3.3453e-05
0.00026319
0.00036598
0.00043292
0.00020317
0.00017494
0.00021528
0.00013041
0.00051651
0.00010131
0.00013695
0.00079198
0.0017903
0.00017471
0
6.9916e-05
0.0024551
0.00014215
0.00025978
0.00030363
0.00070198
0.00074472
0.00019067
0.00031113
0.00036976
0.00021082
0.00065284
0.00053758
3.6744e-05
0.00029756
0.00039875
0.00055595
0.00039644
0.00078241
0.00036234
0.00056055
0.0010739
0.0004733
0.00016781
0.00028213
0.00017658
0
0
0.0005048
0.00029807
0.00043443
0.00054545
0.00045388
0.00034023
0.00015629
0.00048405
0.00031664
0
0.00012841
0.00021682
0.00011699
0.0001025
5.9843e-05
0
3.1239e-05
0.0047047
0
0
4.5673e-05
0.0011787
0.0005688
0
2.3937e-05
0.0051514
0.00024235
0
0
0.0028135
0.0023682
0.0021548
0.00029263
0.0030503
0.0025844
0.00047413
0
0.00011165
0
0
7.7834e-05
0.00109
0.0023298
0.0002997
3.6524e-05
0.00087261
0.00044779
0.00021045
0.00030424
0.00070273
0.00020279
0.00039699
0.00035085
0.00045084
0.00031124
2.7095e-05
0.00020946
7.5519e-05
0.00040357
0.00020389
0.00079648
0.00021547
7.8711e-05
0
0
0
0.00082064
0.00054872
0.00022176
0
0
0
0
0.0038607
0.0027473
0
0
0.0044613
0.0027839
0.00011374
0.00048237
0.00084967
0.0003151
0
0.0010777
0.00033202
0.00062512
0.00056494
0.00044158
0.00086046
0.0032234
0.0026863
0.0014865
0
0.00060066
0.001667
0.00039993
0.00023954
0
0
0
0.00038003
0.00091227
0.00048671
0.00099063
0.00035402
0.00046219
0.00055722
0.00018538
0.00064276
0.00030761
4.0144e-05
0.00028768
0.00098697
0.0006537
0.00020317
0.00013833
0.00034588
9.5916e-05
4.5179e-05
0.0017632
0.0018986
0.0002304
0.00027479
0.0004583
0
0
0
0.00035317
5.5173e-05
0.0062479
0.00023475
0
0
0
0
0
0
0
0
0
0
0.0022908
0.0026983
0.0060011
0.00048895
0.00034505
0.00021992
0.00017409
3.2226e-05
0.00010487
0.00017147
0.00040789
0.0019567
0.0055573
0.00039884
0.00016964
0.00010281
0.00019477
0.00060152
0.00033007
0.00010342
8.4864e-05
0.00047723
0.00042157
6.2478e-05
0
0.00016293
0.00089925
0.0019546
0.00028626
0.00029358
0.00045241
0
0
0
0.0019452
0.0033023
0
0
0
0.00075035
3.603e-05
9.8874e-05
0.00078867
0.0028677
4.0255e-05
0
0.00034141
6.0411e-05
0
0.00018221
0.00020818
4.6451e-05
0.00076608
0.0055549
0.00015903
0
0
0
0
0
0
0
0
0
2.1783e-05
9.6704e-05
0
0
0
0
0
0
0
0
0
0
2.1158e-05
0.00048428
3.2831e-05
0.00015532
0.00066939
0.00068593
0.00011292
0
0
0.00030275
0.00010715
3.7848e-05
0.00011851
0.00037503
0.00015135
0.00043686
0.0009322
0.0013652
0.00077204
0.00046965
4.8709e-05
0.00054573
0.001024
0.00020468
0.00015814
0.00039674
0.0012406
0.00082865
0.0001924
0.00030463
0.00046153
0.0004303
0.00027975
0.0005182
0.0010802
0.00030459
5.0867e-05
0.00083872
0.00022055
9.8607e-05
9.667e-05
0.00057695
0.00014521
0
0
3.3852e-05
2.7586e-05
0
7.2864e-05
0.0059597
0.0013772
0
0
0
0
0
0
0
0
0
0
0
0
0
0
0
0
0
0
0.00028862
0.00038487
5.9393e-05
0.00011793
7.7208e-05
8.167e-05
0.00023351
7.0542e-05
7.9018e-05
0.00011587
6.7837e-05
5.9393e-05
0.00093597
0.00097414
0.0004735
0.00048412
0.0010687
0.0011193
0.00015022
0.00033021
0.0010506
0.0021744
0.00015118
0.00017456
0.0017223
0.0015197
5.5898e-05
5.3859e-05
0.0019788
0.0024316
0.00011467
7.598e-05
3.0806e-05
3.2365e-05
0.00015164
0
0.00043925
0.00013044
0.00037866
0.00010817
0.00017577
0.00036245
0.0005438
0
0.00076802
0.0011163
0.00024756
0
0
0
0.00019492
0.00019079
0.0012713
0.0026461
0.00010814
0
0
0
0
0
0
0.0008131
0.00012742
6.6907e-05
5.9014e-05
0
0
0
6.8232e-05
0.00028676
0.00045126
0.00013336
3.1239e-05
0
0.00010213
0.00015968
0.00014792
0.00090454
0.0015663
0
0
0.00039023
0.00095115
6.8232e-05
0.00053295
0.0012961
0.00068637
0.0002035
0.00011339
0.0010221
0.00069275
0.00023782
9.3491e-05
0.0016148
0.00026822
6.7317e-05
0.00026285
0.00047712
4.6835e-05
0.00010864
0.00036495
0.000152
0
0
0
3.8898e-05
0.00033149
0.00038777
0.00018644
0.0003272
0.00030928
8.6284e-05
0.00026421
0.00011564
0.00037008
2.8228e-05
0.00024055
0.00051511
0.00015807
8.8611e-05
0.00017164
0.00011487
0.00018424
4.9075e-05
3.2365e-05
0.00032797
9.9552e-05
0
0.00011403
0.00027029
9.1368e-05
0.00010364
0.00010954
0.0011077
0.00016702
5.3525e-05
0.00045118
0.00011587
0.00010869
0.00019565
0.00016794
0.0012797
0.00017583
7.9052e-05
0.0001375
0
0
0
0.00017403
0.0012102
0.00017484
0
0
0
0
0
0
0.00070497
