0.021586
0.028492
0.021982
0.029291
0.033059
0.039954
0.030803
0.046746
0.0021061
0.0034435
0.0012177
0.0077992
0.012637
0.023142
0.00072086
0.0013257
0.0058136
0.016851
0.0172
0.01694
0.017968
0.0083458
0.004152
0.0053514
0.0046089
0.005443
0.0019094
0.00084912
0.00076527
0.0035503
0.019681
0.014422
0.0090575
0.0027546
0.0016543
0.0037025
0.0016885
0.0049162
0.0062491
0.025646
0
0
0
0
0
0
0
0
0.00061921
0
0.00042271
0.0038067
0.0035457
0.0042979
0.00026482
0.00081561
0.0013802
0.012919
0.0043042
0.0045212
0.0097756
0.0073868
0.0017688
0.0012796
0
0
0
0
0
0
0
0
0
0
0
0.001177
0.0031912
0.011056
0.00045604
0.00010436
0.001191
0.0021992
0.00069591
0.0027179
0.0059003
0.0055573
0
0.00040574
0.0037598
0.0038971
0.0081666
0.0036359
0.001984
0.0022598
0.0017317
0.00253
0.00073671
0.00030565
0.0047631
0.0088805
0.0056457
0
0
0
0.00091119
8.0731e-05
0.00010582
3.6604e-05
0.00015989
0.0040503
0.018424
0.001802
0.0017393
0.0045068
0.0017692
0.000553
0.00060538
0
0
0.0018819
0.0011092
0.0024651
0.00039103
0.0036493
0.0010197
0.0046098
0.0065821
0.0022213
0.004066
0.0021181
0.0013156
0.00031274
0.00054749
5.4153e-05
0.00018461
0.0031385
0
0
0
0
0
0
0
0
0.0018024
0
0
0
0
0.00043032
0.0012573
0.010385
0.0020978
0
0
0
5.028e-05
0.00025224
0.00013394
0.011663
0.0021731
0
4.7434e-05
0
0
0
0
0.0099003
0
0
0
0
0
0
0
0
0
0
0
0
0
0
0
0
0
0
0.0001375
9.5531e-05
0.0002304
0
0
6.5557e-05
0.00049384
0
2.7076e-05
0.00085193
0.00065454
0.00013306
0.0001672
0.00048889
0.00042034
3.8292e-05
0.00016624
0.0020212
0.0051192
0.001567
0.0013364
9.9799e-05
0.00040113
0.0024901
0.0014387
0.0018818
0.0042306
0
0
0.00074524
0
0
0
0
0
0
0
0
0
0
0
0
0
0
0
0
0
0
0
0
0
0
0
0
0
0
0
0
0
0
0
0
2.9318e-05
0
0
0.00066076
0.00027624
8.4284e-05
9.7625e-05
0.00011575
9.6059e-05
0
0.00025813
0.0018558
0.0016517
0.0035854
0
0.00014542
0.00043629
0.0015995
0.00064219
0.00087887
0.00061344
0.0057466
0.00031209
0.0003467
0.00012244
0.0079914
0.0015967
7.067e-05
2.9318e-05
7.3208e-05
7.4746e-05
8.781e-05
0
0.0002085
0
0
4.7699e-05
0
0
0
0
0
0
0
0
0
0
0
0
0
0
0
0
0
0
0
0
0
0
0.00041744
0
0.00059632
0
0
0
0
0
0.0018585
0.005653
0.0016603
0
0
0
0.00010666
0.00010355
0.00069839
0.0011867
0.0043922
0
0
0.00022437
0.0036593
0.0011307
0.0012553
0.00019635
0.0015343
8.1849e-05
0.0002648
0
0.00025385
0.0065349
0.0021009
0.0013402
0
0
0
2.514e-05
8.8954e-05
0.00060739
0.0002074
0.00039807
0.00020013
4.553e-05
0
0
0
5.7328e-05
0.00037561
0.0002028
0
0
0
0
0
0
0
0
0.0011637
0.00045604
0.00010436
0
0
0
0.00075954
0.0026516
0.0075003
0
0
0
0
0
0
0
0
0
0
0.00058165
0.0014493
0.00059236
0
0
0
0
0.00012613
0.0022262
0.0002038
5.3448e-05
5.4386e-05
0.00041688
0.00052538
0.00052721
0.0013316
0
0
0
0
0
0
0
0
0.00014788
0.00021669
0.0035767
0.0025418
0.0016552
0
0
0
0
0
0.0014294
0.006113
0.0011096
0
0
0
0
0
5.5536e-05
0
0.00016527
0.0027835
0.0021257
0
0
0
0
0
0
0.0027525
0.0071351
0
0
0
0
0
0
0
0
0
0
0.0040067
0.0017103
0.0003553
0.00041691
0
0
0
0.0018935
0.0013002
0.00015
0.003847
0.0012081
0.0018681
0.002235
0.0012132
0
4.0537e-05
0
0
0
0.0024421
0.0038263
0.00016215
0.0014863
0.00087464
0.00086097
0.00018891
0.00024041
0
0
0.0003035
0.0018796
0.00015971
0
0
0
0
9.6584e-05
0.0014712
0.00013842
8.0731e-05
5.028e-05
3.6604e-05
6.3009e-05
0.00030972
0.00033579
0.00013602
0.00077277
0
0
0
0
0
0.0080996
0.001666
0.00020387
0.00017118
0
0
0
0
0
0
0.00060916
0.00087173
5.8851e-05
0
0
0
0
0.00021745
0.00045486
0.0011856
0.00018572
0
0
0
7.1106e-05
0.00092788
0.00056261
0.00031037
5.5308e-05
0
0
0.00029958
0.0012776
0.0010704
0.00093319
0.0006188
0.00030135
0
0
0
0
0.00031951
4.2664e-05
0.00030001
0.00015332
0.00012383
6.8388e-05
0
0
0
0
0
0
0
0
0
0
0
0
0
0
0
0
0
0.00017989
0
0.00097317
0
0
0
0
0.00043032
0.0014262
0.0051661
0.0012649
0.00010056
0
0
0
0
0.0003274
0.005779
0.00059838
0
0
0
0
7.0031e-05
0
0.001127
2.7076e-05
0
0
0
5.028e-05
0.00018221
0.00034213
2.514e-05
0.00024627
0.00016495
4.7434e-05
0
0
0
3.6257e-05
0.00060459
0
0
0
0
0
0
0
0
0
0
0
0
0
0
0
0
0
0
0
0
0
0
0
0
0
0
0
0
0
0
0
0
0.00011575
0
0
0
0
0
5.1766e-05
0.00038404
0.00070984
0
0
0
0
0
8.6504e-05
0.004276
0.0010613
0
0
0
0
0
0
0.0056261
0.00096116
0
0
0
0
0
0
0.0049013
0.00070456
0
0
0
0
0
0
0.0051175
