0.024245
0.019618
0.043054
0.04479
0.024594
0.020914
0.042061
0.038529
0.0056925
0.0045278
0.0018618
0.0026295
0.0064721
0.0040638
0.00055284
0.0023759
0.010485
0.0043008
0.0025702
0.0045313
0.0096585
0.0082719
0.0031842
0.0062256
0.00095513
0.0026188
0.0071136
0.0065478
0.002015
0.0020235
0.0090234
0.0049023
0.0071127
0.0081703
0.031509
0.031082
0.0064481
0.0065543
0.0293
0.025025
0
0
0
0
0
0
0
0
0.00078688
9.3058e-05
2.2509e-05
0.0011993
0.0017286
0.00011734
6.5193e-05
7.1789e-05
0.0039797
0.0023866
0.0018431
0.0027589
0.0058497
0.0036013
0.0011401
0.0012873
0.0032073
0.00013764
0.00020368
0.00096937
0.001133
0.0014665
0.00046564
0.00038454
0.0013556
0.0023172
0.00081678
0.0006245
0.0018104
0.0034511
0.00042769
0.00095625
0.0034617
0.0019388
0.0010225
0.00072543
0.0026986
0.00042442
5.9953e-05
0.0011581
0.0011782
0.00072802
7.7696e-05
5.0464e-05
0.0011153
0.0025614
0.00059876
0.0012016
0.0020289
0.00069456
0.00028174
0.00067565
0.0016573
0.00052209
0.00078432
0.0033514
0.00019387
0.0017564
0.0020626
0.0010508
6.2666e-05
0.00027743
0.0071076
0.0023575
0.00017546
0.00046123
0.0013191
0.0013502
0.00062124
0.0014748
0.00023037
0.0001615
0.0017161
0.001656
0.0037648
0.0017457
0.0010778
0.0012593
0.0031187
0.0035564
0.0026079
0.0023325
0.0058057
0.0068322
0.0014179
0.0013689
0.0049426
0.0078254
0
0
0
0.00091797
0.00041407
0
0
0.00026646
0.00047286
0.00057989
0.0033374
0.0031506
0.00088235
0.00021925
0.0016854
0.0022334
0.0013566
0.0020387
0.014152
0.011696
0.0018053
0.0026301
0.012561
0.0062508
0.001279
0.002223
0.0074243
0.0088515
0.0019143
0.0013953
0.0079031
0.0067501
0
0
0
0
0
0
0
0
0
0
0
0
0
0
0
0
0
0
0
0
0
0
0
0
0
0
0
0
0
0
0
0
0
0
0
0
0
0
0
0
0
0
0
0.00022441
0
0
9.0378e-05
0
0.0024854
0
0.00011076
0.00081794
0.00038145
3.6729e-05
1.55e-05
0.00011871
0
6.4123e-05
0
0
7.6177e-05
0.00024275
0.00017843
5.0317e-05
0
0
0
0
0
0
0
0
0
0
0
0
0
0
0
0
0
0
0
0.00043252
0.00054362
0
0
0
0.00037896
2.3741e-05
1.3911e-05
0.00074529
0.00086108
0.00011734
6.5193e-05
2.5489e-05
0.0005811
0.00014274
8.5977e-06
0.00072193
0.002693
0.0020088
0.0004123
0.00023493
0.0028157
0.0014518
0.0011367
0.0018341
0.0028603
0.0012716
0.00020379
0.00081256
0.0012701
0.00065859
0.00079933
6.3907e-05
0.00092368
0.0012113
0.00027171
0.00021552
0
0
0
0
0
0
0
0
0
0
0
0
0
0
0
0
0.00044428
0.00059684
7.1104e-05
0.00024908
0.0015401
0.00026246
0.00016417
0.00020229
0.0010504
0.0011223
9.6198e-05
0
0.0017938
0.0001957
0
0.0008452
0.00042022
6.9317e-05
0
0
0
0
0
0.00011681
0.00062259
0
0
0
0.00011326
0.00075514
0.00066993
0.00066824
0.00050997
0.00088878
3.1296e-05
1.7725e-05
0.00038146
0.00027869
0.00010747
0.00036864
0.00017043
0
0
0.00018755
0.00020044
0.00014749
0.00056144
0.0003689
0.00077927
0.00011251
1.849e-05
0.00024451
0.00070863
0
3.4391e-05
0.0025378
0.000373
0.00021584
0
0.00011651
0
0.0023793
0
1.6369e-05
0.00046543
0.0014186
0.00064066
0.00015374
7.2435e-05
0.00060682
0.00010577
0.00046546
0.00019879
0.00035465
0.00015113
0.00015644
0.00015815
0
0
7.5259e-05
0.0020009
0.00043814
0.00074396
0.00056899
0.00080408
0.00022871
5.9953e-05
0.00031674
0.0001096
0
0
0
0.00079399
0.0017512
0.00025502
0.00037829
0
0
0
0
0
0
0
0
0
0
0
0
0
0
0
0
0.00040884
0.00019426
3.3575e-05
0
5.1765e-05
7.5142e-05
0
0.00055089
0
0
0
0
0
0.000388
0.0023279
0.00020795
0.00015556
0.00145
0.0011242
0.00071729
0.00014016
1.55e-05
0.0011818
1.7725e-05
0
7.693e-05
9.0809e-05
1.7725e-05
0
0
0
0
4.7579e-05
0.00028097
0.00026956
7.9776e-05
0.00021118
0.00091881
0.00010007
8.6802e-05
0
0
0
0
0.00013147
0.00017194
0
0
0.00040234
0.00016739
0.00032667
0.00010218
8.5179e-05
0.00018451
0.00026533
0.00041927
0.00049206
0.00027563
0.0005776
0.00055333
0.00032909
0.0002953
0.00061422
0.0002751
0.0012869
0.00099336
0.0014223
0.0017845
0.00033807
0.00073744
0.0010976
0.0011076
0
0
0
0
0
0
0
0
9.2684e-05
0.00035004
0.00094749
0.0003483
0
7.6438e-05
0.0030667
0.0021495
0
9.8602e-05
0.0005901
0.00044666
0.00021758
0
2.6149e-05
1.5199e-05
3.9517e-05
7.0702e-05
0.00022447
0.00030005
0.00019247
0.00038401
5.1949e-05
5.9501e-05
0.00022571
0.00066034
0.00034884
0.0003835
0
0
0.00011191
0.00084155
0.00092643
0.00060527
0.0012667
0.00070064
0.00075956
0.00068337
0.0013572
0.00082479
0.00040422
0.00070348
0.0025208
0.00072794
0.00022491
0.0002228
0.0024727
0.0028021
0.00036128
0.00046561
0.0012254
0.002284
0.00037847
0.00020831
0.00044642
0.0020027
0
0
0
0.00041848
0.00039257
0
0
0
0
0
0
0.00039826
0
0
0.00068885
0
0
0
0.0010846
0.0010638
8.7521e-05
0
0.0013608
0.0012926
0.00049663
0.00040264
0.0015419
0.00075385
0.00044513
0.00021925
0.00034638
0.0010715
0.00011435
0.00028656
0.0037291
0.0017523
0.00036466
0.0010513
0.0021114
0.0026063
0.00050804
0.00031079
0.0032621
0.0023216
0.00030619
0.00065228
0.0024344
0.0013304
0.00054547
0.00034255
0.0022104
0.0014037
0.00051184
0.00014598
0.0030323
0.0019228
0.00013117
0.00023479
0.00083458
0.0025832
0.00041211
0.00036187
0.0019918
0.0018915
0
0
0
0
0
0
0
0
0
0
0
0.00010123
2.1494e-05
0
0
0
3.9633e-05
0
0
0
0
0
0
5.603e-05
8.5977e-06
0
0.00086046
0.0014868
0.00031531
0
1.096e-05
2.1278e-05
0.00028869
0.00060778
0.0025601
0.0033299
0.00097193
0.00072368
0.00099892
0.00060922
0.00040404
0.0011183
0.0031143
0.0029091
0.00017652
0.00012084
0.0044191
0.0018548
0.00033516
0.00074383
0.0019882
0.0021293
0.00032864
0.00035757
0.0030813
0.0014015
7.452e-05
0.00037569
0.0021152
0.0018785
0.00042286
0.00042506
0.0014924
0.0020558
