0.031801
0.0094411
0.021341
0.037405
0.031669
0.042671
0.038717
0.040649
0.013221
0.004395
0.0066926
0.0018543
0.010105
0.018194
0.0051758
0.0054619
0.016902
0.0045424
0.0035368
0.010099
0.011776
0.019503
0.0061512
0.011702
0.00044637
9.7793e-05
0.0042867
0.01025
0.0071529
0.0023034
0.019606
0.014187
0.0012306
0.00040595
0.0068253
0.015202
0.0026345
0.0026706
0.0077842
0.0092975
3.4914e-05
0
2.905e-05
0.00052826
0.0061655
0.0037291
0.0011487
0.00087644
0.0031082
0.00034646
0.00029626
0.00075186
0.0015496
0.00099159
0.00079593
0.0019257
0.006332
0.0028019
0.00078213
0.0012329
0.0021596
0.0019986
0.0017715
0.0065149
0.0091347
0.00036797
0.00038458
0.0033909
0.0025593
0.010187
0.00082631
0.0033589
8.3523e-05
0.0014301
0.0016014
0.00010652
0.00072723
0.010066
0.0023485
0.00079639
0.0099946
0.0026184
0.0042938
0.00041502
0.0014805
0.0024326
0.00053917
0.0012425
0.00075873
0.00069263
0.0011777
0.0025423
0.0047396
0.0064343
0.002512
0.0010661
0.00050778
0.00067987
0.0011924
0.0022148
0.002204
0.0018575
0.0009878
0.0013155
0.00018689
9.7793e-05
0.001141
0.00010689
3.7e-05
0
0.015946
0.0059369
0
0
0.0024279
0.003282
0.0019362
0.0016519
0.0012952
0.00070086
8.7526e-05
4.5244e-05
0.0014497
0.00060546
4.7833e-05
0.00058832
0.00024201
0.00010314
0.00070095
9.6304e-05
0.0018666
0.0073306
0.0013494
0.00099585
0.0029544
0.0057796
0
0
0.00098987
0.0055206
0.0035675
0.00016352
0
0
0.00025948
0
0.00015343
0.0012897
0.0017943
0.00048802
0.0027088
0.0074973
0.00012122
8.2247e-05
0.00094651
0.0029547
0.00044137
0.00045109
0.00066782
0.00081881
0.00023167
0.00018215
0.0025217
0.0042654
0.00079585
0.00063537
0.0033383
0.002528
0
0
0
0
0
8.6611e-05
0.00077236
0
3.4914e-05
0
0
0
0
0
0.00028928
0.00082706
0.00075663
0
0
0
0.00021321
0.00067751
0.00079593
0.00019385
0.0021593
0.00013487
6.0782e-05
0.00064287
0.00044454
0
0
0.0015675
0.0011168
0
4.9376e-05
0.00078007
0
0
0
0.004434
0.0028318
0
2.1653e-05
0.00029764
0.00022445
0
0
0.0010203
0.0062197
0
0
0.00074964
0.00037009
0
0
0
0.00069758
0
0.00022184
0.0019669
0.00045937
0.002092
0
0.0028201
0
0
0
0.00016039
0.00087181
0.00027317
4.3522e-05
0
0
0
2.905e-05
0.00036788
0.0047221
0.0032338
0
0
3.7253e-05
0.00021158
0.00019554
0
0.0013123
0.00044954
0
0
0
0
0
0
0
0
0
0
0.00026344
0.00064249
0.00021816
3.5711e-05
0
0.00041821
0.0014113
0.00044046
0.00081383
0.0021361
0.00049294
0.00014786
0.00028215
0.00046353
9.7316e-05
0.0007713
0.00032464
0
0
0
0.0010976
0.0036114
0.0010289
0.00013608
0.0026122
0.00011066
0
0
0.0015423
0.0051578
0
0.00042414
6.9828e-05
0
0
0
0
0.0031996
0.00038271
0.00078773
1.3694e-05
0.0003172
0.00028994
0
0.0005865
0.0023684
0
8.6611e-06
0.00011569
0.00044755
0.00049354
0
0
0
0
0
0.0031505
0
0
0
0
0
0
0
0.00088539
0.00036946
0.00086448
0.00088487
0.00074232
0.00056633
0
0.00074133
0.00048903
0.00023694
0.00017202
0.0013693
0.0041736
0.0017802
3.7253e-05
0.00074927
0
0.0007037
0.0011389
0.00034244
0.00021432
0.00078131
0.0001893
0
0.00019465
0
0
0
0.00045302
0.00050175
0.00027039
0.0005856
0
0
0
0
0.00029199
0.0044413
0.0013645
0
0
0.0010453
0.00093272
0.00010652
0
0
0
0
0.0032187
0.0014542
0.0025649
0
0.00023638
7.1027e-05
0
5.7248e-05
0.0029093
0.00060116
0.00070206
0.00016462
0.00071016
0.00088234
0.00053917
0.00076075
0
0
8.5741e-05
0
0
0.0056487
0.0024747
0
0
0
0
0.00011555
0.00051397
0
0
0
0
0.00013415
0.00021936
0.00019789
0.00029578
0.00013409
5.8902e-05
0
0
0
0
0.00091404
0.0006717
0.00049449
0.00033613
0.00055623
0.00018689
0
0
0
0
5.696e-05
0.0053199
0.00092865
0
9.7793e-05
0.0012336
4.3839e-05
3.7e-05
0
0.002879
0
0.00011915
0.00018317
0.002626
0.0016649
0
0
0
0
0
0
3.5711e-05
0.001778
0.0019646
0.0011293
0.00015311
0
0
0
0
0
0.00031554
0.00053184
0.00018423
0.00010314
0
2.7389e-05
0.00046854
0.00024475
0
0
0
0
0
0
0
0.00020511
5.6297e-05
3.1527e-05
0
0
0.000309
0
0.00011041
0.002042
0.00066693
0.00018601
0.00050417
0.0017644
0
0
0
0
0
0
0
0
0
0
0.00011672
0
0
0
0.0083917
0.0041764
0
0
3.4914e-05
0
0
0
0
0
0
0
0.00047388
0.00015253
0.00018999
0.00074484
0.00034785
0
0
0
0
0
0
0
0
0
3.1228e-05
1.7855e-05
0.00053055
0.00016369
0
5.648e-05
0
0
5.6297e-05
2.6342e-05
0.00046381
0.0016596
0.00010984
0.00024455
0.00055365
0.0008244
0.00014297
0
0.00051896
0.0027069
0.00057142
0.00053377
0.00072222
0.0018447
0
0
0.00075428
0.00017194
0
0
0
0
0
0
0
0.00020408
0.001108
0.00014415
0
0
0
0
0
0.00021757
0.0012812
0.00024733
0.0030748
0.0067062
0
0
0
0
9.5371e-05
0
0.00028047
0.00032117
0
0
0
6.6245e-05
7.7104e-05
5.2684e-05
0
0
0.00012122
8.2247e-05
0.00089272
0.00065258
0.00015892
0.00016021
0.00035061
0.000264
0.00013284
3.7e-05
0.0017925
0.001362
0.00026063
0.00043423
0.002975
0.0012348
0.00011968
0
0.00036748
0.0015768
0.00043254
0.00030024
0.0003341
0.00058775
0
0
0
0.0032771
0.00098754
0
0
0
0
0
0
0.0018675
0.0012821
0
0
0
5.6464e-05
0
0.00019451
8.7043e-05
0.00035051
0.00024706
0.00014778
0.00028796
0
0
0
0.00086482
0.00025707
1.2992e-05
0
0.0001614
0
0
0
0.00097614
0
0
0
0
0
0
0
0.0012789
0.00020535
0
0
0
3.9926e-05
4.7833e-05
0.00036244
0.00049833
0.00019897
0.00011577
0.00069121
0.00071604
0
9.7317e-05
0.00034448
0.00067921
7.6738e-05
2.3321e-05
0.00031521
9.3994e-05
