0.050884
0.024907
0.02147
0.031597
0.033169
0.033508
0.019984
0.038974
0.015079
0.0058491
0.0048675
0.009813
0.01018
0.0090517
0.0059781
0.011919
0.017566
0.0044701
0.0044656
0.0043472
0.0071634
0.0098203
0.0061125
0.013027
0.015889
0.012975
0.0105
0.014224
0.012415
0.012592
0.0069905
0.010439
0.0023502
0.0016125
0.0016373
0.0032128
0.003411
0.0020438
0.00090272
0.0035884
0.004784
0.0039354
0.0023904
0.0030545
0.0055314
0.0068732
0.0045923
0.0053144
0.0074233
0.00045836
0.00061119
0.0021922
0.000354
0.00021598
6.7851e-05
0.0019558
0.0063744
0.00078868
0.0012886
0.00085294
0.0025231
0.00073891
0.000562
0.0032884
0.0078514
0.00070863
0.00039964
0.0018111
0.0031885
0.0044202
0.00068689
0.0016238
0.0015081
0.0007461
0.00099337
0.0040679
0.0031264
0.0019019
0.0012748
0.0041512
0.001253
0.0006736
0.00078924
0
0
6.062e-05
4.319e-05
0.00025976
0.0010764
0.0016387
0.00099837
0.00078994
0.0013687
0.0009615
0.0014071
0.0017996
0.0019666
0.001334
0.0017113
0.00079245
8.3078e-05
0.0036456
0.0032231
0.0059095
0.0026139
0.0032276
0.0028799
0.0037771
0.0037788
0.0034813
0.001735
0.0032705
0.00092128
0.0010364
0.0011404
0.0010841
0.00064009
0.00039492
0.0001707
0.00028326
0.0011505
0.0008025
0.00027244
0.0003742
0.0013576
0.00057583
0.00023343
0.00075355
0.00033386
0.00020196
0.00054504
0.0012469
0.00076281
0.00085769
0.00041807
0.0024149
0.0070857
0.0049816
0.0036815
0.0040753
0.0052553
0.0040353
0.0031603
0.0043066
0.0046488
0.0035946
0.0026176
0.0052128
0.0036149
0.0039838
0.0017003
0.0022524
0.00088699
0.00047862
0.0007226
0.0015296
0.0012274
0.00089907
0.00048466
0.00081554
0.00024868
7.1492e-05
0.00022626
0.0001043
0
0
0
9.0099e-05
0.00045212
0.00066006
0.00053915
0.00075921
0.0012668
0.0005182
0.00070705
0.00074755
0.00082068
0.00036564
0.00065824
0.00026906
0.0015757
0.0032326
0.00017897
0.0014131
0
0
0.00014775
0.00038824
6.9124e-05
0
0
0
0
0
0.00010334
0.00037497
0
0
6.7851e-05
0.00014692
0
0
0
0
0
0
0
0
4.2887e-05
4.8864e-05
9.7774e-05
0.00021838
0
0
0.00011803
0.00044947
0.0033291
0
0
0.000814
0
0
3.2836e-05
0.00029249
0.0031174
0
0.0002235
0.00037737
0.00064732
0.00083878
0.00037325
0.0014802
0.0027416
0.0013369
0.00054831
0.001825
0.0022306
0.0014215
0.00065043
0.0024624
0.00038439
0.0014232
0.00047394
0.00020122
0.00045832
0.0017009
0.0027686
0.00040032
0.0030258
0.00011062
0.00036009
0.0010678
8.9873e-05
0.00021598
0
0.00020296
0.0035637
0.00023157
0
0.00036116
0.000195
0
0
0.0013125
0.0039902
0
0
1.9411e-05
0.0013656
0.00067284
0.0002323
0.002333
0.0018787
0.0006502
0.00098136
0.00057651
0.0011575
6.6068e-05
0
0.00057841
0.0014486
0.00033686
0
0.00012633
0.00068541
0.0013755
4.5912e-05
0
0.00024923
0.00046138
0.00017614
0.00033702
0.0012657
0.0021489
7.1257e-05
7.2122e-05
0.0008299
0.00024968
0.00045337
0.0022141
0.0016438
0.0005208
0.0001508
0.0022644
0.00072588
0.00020277
0.00045294
0.00048621
0.00035936
0.00072538
0.00081118
0.00058779
0.0012732
0.0006331
0.00078924
0
0
0.00013605
4.319e-05
0.00028746
0
0
0
0
0
0
0
0
0
0
0
0
0
0
0.00053769
0
0.00081639
0.0011407
0.00048868
0
0.00019203
0.00011298
0.00073126
0.0013322
0
0
0
0.00022813
0.00054002
0.0038787
0.0010307
0.00022765
0.0016594
0.00022427
0.00063566
0.0006224
9.2623e-05
5.7037e-05
0
0.0006955
0
6.3239e-05
0.00018362
0.0012502
0.00076766
0.00038422
0.00027321
0.0013559
0.00018981
0.00029268
2.577e-05
5.6014e-05
7.0837e-05
8.7111e-05
0.00019186
0.00015545
0
0
0
0
0
0
0
5.0993e-05
0.00037854
8.6152e-05
0
0
0
0
0
0
0.00030642
0
0
0
0.00011818
8.7501e-05
0.00026838
0.00011141
0.00014273
0.00047054
0.0005124
0.00078994
0.00095803
2.1334e-05
8.1448e-05
0.00035598
0
0
0
0
0
0
0.0019459
0.0015249
0
0.00055212
0.0010757
9.2511e-05
0
0
0.00024649
0.0026909
0.00043246
0.00075867
0.00071642
0.00087828
0.0014251
0.00064841
0.00087641
0.00062673
0.00036679
0.00024903
0.00027262
0.00021858
0.00031043
0
0
0.00030936
0.00017889
0.00056769
0.00020038
0.0002463
0.00014556
0
0
0
0.00072739
0.00035531
0.00031843
0.00041205
0.00043734
0.00017396
0.0001014
0.00015928
0.00028757
0
0.00011218
0.00041393
0.00095698
0.00050588
0
0
0.00027728
0.00025769
0.0002744
2.2023e-05
4.2537e-05
0.00045004
0.00023343
0.00064545
2.7316e-05
6.0172e-05
0.00012567
0.00022064
0.00016184
5.0219e-05
4.1291e-05
0.00026953
0
0
0
0
0
0
0
0.001612
0.0010453
0.00076518
0.00087222
0.0013161
0.00083428
0.0019565
0.00027415
0.0013605
0.00062211
0.00030497
0.00058658
0.00060279
0.00025768
0.00049234
0.00071945
0.00054896
0.00015354
0.00051594
0.00068919
5.3254e-05
0
9.5397e-05
6.93e-05
0.00012398
0
0
0
0
0
0
0
0
0.00012808
0
0
0
0.00035806
0.00025204
0
5.6047e-05
0.00039736
0.00049054
9.2655e-05
2.3259e-05
0
0
0
0
0
0
9.338e-05
0.00067713
0.00045427
0.00055318
0.00029053
2.4735e-05
0.00016557
7.2605e-05
0.00032599
0.00034909
0.0001467
0.00025429
0
0.00016929
0.0014723
0.0012138
0.0010047
0.00070862
0.001101
0.00049917
0
0.00070636
0.0018351
0.0016277
0.00026301
0.00094052
0.0026491
0.0010855
0.00061196
0.0008088
0.00054994
0.00053974
0.00075899
0.0012423
0.00022335
0.0005781
0.00016991
0.00032829
0.0001728
8.3324e-05
0.00024019
0.00025595
0.00034445
0.00018665
7.2116e-05
0.00012325
0.00018009
9.5131e-05
0
0.00042441
0.00019776
7.7309e-05
4.8786e-05
6.3794e-05
0
0.00013722
8.6974e-05
4.6717e-05
0.00016029
0.0002558
0.00017636
0.00011382
0.00037318
9.5384e-05
0.00022626
0.0001043
0.00019872
0.0001302
0.00013268
0.00038051
4.3791e-05
2.9037e-05
0
0
0
0
0
0
0.001715
0.0017332
0.00077176
0.00080662
0.00098823
0.0011437
0.00074158
0.00070903
0.00096108
0.00037067
0.0018084
0.0022843
0.0012514
0.00075256
0.0013493
0.0022164
0.00215
0.0013229
0.00013378
0.0018488
0.0016734
0.0014837
0.00063756
0.0007113
0.0017257
0.0017457
0.00068332
0.0017641
0.0013573
0.00096207
0.0003846
0.0011374
0.00011181
0.00024859
0.00060195
0.0011312
0.00029404
0.00047348
0.00021308
0.00016472
0
0
0
0
0
0
0
0
0
0
0
0
0
0
0
0
0
0
0
0
0
0
0
0
