0.018885
0.014363
0.020435
0.028883
0.046455
0.03156
0.048373
0.044424
0.0052173
0.0045824
0.0017385
0.0047769
0.020374
0.019642
0.0059903
0.002482
0.011771
0.0059063
0.0062235
0.011721
0.019301
0.0070088
0.0029154
0.0028612
0.00054162
0.0019938
0.006367
0.0037201
0.0043574
0.0025953
0.036296
0.027426
0.0013556
0.0018807
0.006106
0.0086652
0.0024227
0.0023142
0.0031708
0.011654
0
0
0
0
0
0
0
0
0
0
0
0.0039419
0.0079798
0.00031661
0
0
0.0034564
0.0012929
0.00036352
0.00089529
0.012222
0.0048895
0.00033739
0
0.0065469
0.00094852
0.00063927
0.0039601
0.0036861
0.00041232
9.6925e-05
8.6387e-05
6.5232e-05
0.0008322
0.00014401
0.0002898
0.0075483
0.015841
0.0042708
2.3702e-05
0.0050861
0.0036626
0.0012139
0.00047678
0.0040176
0.0024652
0.0017195
0.0024237
0.0016937
0.003506
0.0035898
0.002209
0.0029831
0.0017798
0.0024811
0.001395
9.0924e-05
0.00014202
0.0017104
0.003801
0.0010425
0
0
0.0014145
5.0589e-05
0.0011268
0.0014276
0.00019804
3.4337e-05
0.00064548
0.020988
0.0061054
0.00037636
0.00078839
0.0040806
0.0024018
0.0041624
0.0025656
0.0014722
0.00021872
0.00015037
0.0014462
0.0021163
0.0012835
0.00096786
0.00092045
0.00023849
0.00021095
0.0012139
0.00047363
0.0028906
0.0064033
0.00094
0.00060314
0.0012033
0.001896
0
0
0
0
0
0
0.0017628
0.0023108
0.00011467
7.6313e-05
0.0010657
0.0010012
0.0003562
0.00030659
0.012073
0.018177
4.0339e-05
0
0.00090417
0.0010669
0.00030458
0.00028942
0.0015257
0.0086487
0
6.7701e-05
0.00022038
0.00059404
0.00017492
0.00046422
0.00020333
1.3168e-05
0
0
0
0
0
0
0
0
0
0
0
0
0
0
0
0
0
0
0
0
0
0
0
0
0
0
0
0
0
0
0
0
0
0
0
0
0
0
0
0
0
0
0
0
0.0010906
0
0
0
0.00063141
0
0
0.0014846
0.0049558
0
8.0269e-05
0
0.0023011
0
0.00056097
0.0023436
0
0
0
8.6387e-05
0
0
0
0
0
0
0
0
0
0
0
0
0
0
0
0
0
0
0
0
0.0016978
0
0
0
0
0
0
0.0031742
0.003246
0.00031661
0
0
0.000222
0.00056627
0
0.0006464
0.004893
0.003154
0
0
0.0028138
0.00051646
0.00011318
0.000453
0.0050128
0.0017355
0.00033739
0
0.0040349
0.0010755
7.8301e-05
0.00027066
0.00025006
0.00041232
1.6656e-05
0
0
0
0
0
0
0
0
0
0
0
0
0
0
0.001522
0
0
0
0
0
0.0002898
0.0059801
0.0058048
0.00060313
0
0.0003672
0.00047548
0.00012256
0.00042482
0.0069915
0
0
0.00013788
0.0007976
0.00063169
8.9579e-05
4.477e-05
0.00022896
0.00010963
8.4929e-05
5.0657e-05
0.0012078
0.00089331
0.00033966
0.00034577
0.0015962
0.00064253
0.00059522
0.0011442
0.00019864
0.0011372
0.00068765
0.0010369
0.00092084
0.00063219
0.0009343
0.00034032
0.00010063
0.00063537
0.00053537
0
0
0
0
0
0
0
0
0
0
0
0
0
0
0
0
0
0.00074979
0.0078777
0.003054
0
0
0.00056095
8.6016e-05
0
0
0
0
0
0.0024958
0.0019673
0.00044093
0
0
0
0
0.00060837
0.0012419
0.00047585
0.0001139
0
0
0.00043749
0.0010202
0.0014437
0.00029677
0.0007499
0.001076
0.00071755
0.00040428
0.0015677
0.0013951
5.0107e-05
7.3478e-05
0.00048697
0.0012359
0.00034885
0.00028462
0.00018162
5.499e-05
4.3433e-05
9.0924e-05
0
0.0012784
0.0019248
0.00059157
0
0
0.0014145
0
0
0.00043127
0.00022986
0
0
0
0
0
0
0
0
0
0.0012819
0.010539
0
0.00011582
0.0012117
0.00064368
3.7244e-05
3.4337e-05
0
0
2.3702e-05
3.582e-05
0
0.001689
0.001349
0.00028229
0
7.4488e-06
0
0.00014669
0.00016233
0.00038359
0.00029782
0.0033257
0.0023452
0.0001252
5.7998e-05
4.8987e-05
0.00083718
0.0006618
0.00025308
0.0001017
0.0002661
0
0.00012024
0.00010139
0.00016328
0.00047809
4.1137e-05
9.9032e-05
0.00021171
0.00019281
5.5376e-05
0
0
7.9794e-05
0.00014891
0.00019801
6.6708e-05
0
0
0.00082409
0
0.0011177
0.0060368
0.00045096
0
0.00084347
0.001896
0
0
0
0
0
0
0.0021449
0.00088459
0
4.4848e-05
0.00063314
0.00012309
0
0
0.0072503
0.0043172
0
0.0001066
0.0014373
0.00047115
0.00019055
0
0
0
0.00012717
0.00030244
0.00080175
0.00023663
0.00049868
0.00054354
0.0012836
6.7297e-05
6.6676e-05
0.00067539
0.0006407
0.00037032
0.00024908
7.1767e-05
0
5.7998e-05
0
0
0.0003753
0.00049192
0.00034428
0.00048251
0.00015405
0
0
0
5.0083e-05
0.00050516
0.00030154
0.00041841
3.5136e-05
0
0
0
0.00065931
0.00045999
9.0081e-05
0
0.00032473
0
0
0
0
0
0
0
0
0
0
0
0
0
0
0
0.002518
0.0032144
0
0
0.00072387
0.00035973
0.00010656
6.9251e-05
0.0059617
0.0071618
0
0.0001159
0.00028373
0.00053124
0.00020382
0.00015779
6.3424e-05
3.5431e-05
1.4898e-05
3.0027e-05
0.00047013
0.00039797
0
0
0
0
0
0
0.00014505
0.00020661
0.00025545
0.00020106
3.1712e-05
3.5333e-05
0
0
0
0.00039798
0.00017947
0.00031731
0.00021239
0
0
0
0.00017585
0.00045173
0.00023456
5.599e-05
0
0
0
0
0
0
0
0
0
0
0
0
0
0
0
0
0
0
0
0
0
0
0
0
0.00089398
0.00070007
9.9777e-05
0
2.7995e-05
0.00028495
4.5812e-05
0.00016398
0.0052941
0.0095488
0
0
0.00028306
0.0004111
9.0766e-05
3.1712e-05
0.0014337
0.0044089
1.8622e-05
0
6.3315e-05
6.0543e-05
0
0
0
0
0
0
0
0
0
0
0
0
0
0
0
0
0
0.00021773
4.2871e-05
1.3168e-05
