0.034949
0.020029
0.01658
0.034749
0.035339
0.029047
0.023787
0.060389
0.011355
0.0078786
0.0077184
0.015474
0.012337
0.013094
0.0065501
0.013935
0.011025
0.0051359
0.005436
0.0078743
0.0083667
0.0062153
0.0053662
0.0079981
0.012268
0.0070141
0.0014259
0.0047822
0.01071
0.0074533
0.011492
0.022303
0.00030067
0
0.0020001
0.0066187
0.0039252
0.0022839
0.00037867
0.016153
0.005499
0.0026654
0.0018155
0.005425
0.0036894
0.0020818
0.0017802
0.0083859
0.0026553
0.0017263
0.0032452
0.0061108
0.0037641
0.0035233
0.0024253
0.0048152
0.0038117
0.0015152
0.001416
0.0015467
0.0043219
0.00098082
0.0017544
0.0033969
0.0039788
0.0019623
0.0010786
0.0037343
0.001169
0.0019219
0.0019536
0.0020927
0.0006753
0.00066034
0.0005669
0.0018732
0.0039359
0.0074888
0.0019634
0.00043769
0.0022882
0.0028265
0.0019946
0.0018575
0.00066627
0
0
0.00012164
0.00084373
0.001126
0.0019344
0.00072078
0.0020821
0.0029405
0.00083541
0.00071179
0.0023535
0.00053233
0.00090094
0.0017722
0.0007265
0.00027104
0.00080609
0.0019714
0.00083245
0.00035867
0
0
0.0018907
0.0019835
0.008975
0.004326
0
6.2192e-05
0.00069968
0.0018558
0.00055324
0.00090626
0
0
0
0
0.0012387
0.00085215
0.00043333
0.0003556
0
0
0
0
0.00068419
0.003991
0.002046
0.00034735
0
0
0.0069643
0.0045859
0.00053134
0.0013296
0.0057303
0.0040285
0.0011972
0.0029557
0.0044717
0.0018955
0.00029114
0.0016855
0.0020855
0.00053502
0.0015461
0.014562
0.00030067
0
0.00018333
0.0013373
0.0015071
0.00014338
0
0.013547
0
0
0
0.00014306
0.00014735
0.001157
0.00037867
0.0030655
0.00086889
0.00079767
0.00024516
0.00058897
0.00018197
0.0003558
0.00012641
0.0020602
0.0016809
0.00016478
0.001164
0.0010269
0.00052868
0.00043502
0.00077266
0.0018053
0.0010943
0.0001233
0.0017652
0.0011043
0.00062114
0.0015955
0.0010194
0.0016687
0.00059621
0.00024835
0.00013031
0.00053628
0.00025274
0.00086019
0.00040754
0.00077206
0.0029227
0.00029353
0.00028754
0.0011721
0.00014791
9.2308e-05
0.00014074
0.0010452
0.00057517
0.0002637
0.00022538
0
0.00025459
0.00019308
0.00030459
0.0018799
0.00022707
0.00071136
8.4784e-05
0.00011851
0.00021094
0.00041257
0.00030831
0.00037532
0.00053319
0.00059353
0.00026055
0.00018237
0.0002087
0.00010102
0.00012906
0.00015124
0.0011557
0.00064422
0.00034065
0.00050391
0.0013586
0.00036198
6.8702e-05
0.0009118
0.0011371
0.00097988
0
0.0028466
0.001326
0.00039936
0.00081243
0.003176
0.00015405
0.00025779
0.0006487
0.0031635
0.0022511
0.00040651
0.00040951
0.002279
0.00071098
0.00067617
0.00065286
0.0015888
0.0005496
0.00066113
0.00058891
0.000528
0.00043247
0.0004304
0
0
0.0022087
0
0
0
0.00010341
0.00090263
0.00086904
0.0005068
0.0014855
0.00037786
0.00088036
9.9062e-05
0.00095119
0.00035368
7.4838e-05
0.00018134
0.00042796
0.00064737
0.00079293
0.00061673
0.00189
0.00013351
0.00041902
0.0021127
0.0005799
0.00092165
0.00056565
0.001064
0.0010852
0.00073923
0.0003874
0.00096122
0.00074289
0
0
0.00010102
0
0
0
0.00011139
0.0027011
0.0031344
0.00015483
0
0
0
0.00015795
0.00029587
0
0
0
0
0.00044979
0
0.00058102
0.00071486
0
0
0
0
0
8.36e-05
0.00021308
5.5781e-05
0
0
0
0
0.00019416
0.00048865
0.0003662
0
0.00062556
0.0010515
0.00055347
0.00012988
0.00021563
0.00040491
0.0001333
0
0.00037747
0.00017547
0.00028294
0.00033992
0.0020808
0.0001015
0.00036551
0.00094521
0.00021334
9.5569e-05
0.00068001
0.0015861
0
0
0.00024514
0.00080058
0.00049194
0.0048841
0.0011204
0.00033666
0
0
0
0
0
0
0
0
0
0.0014811
0
0
0
0
0
0
0.0016853
0.0012618
0.00083841
0.00055332
0.00014247
0
0
0
0.00053309
0
0
0
0.0015653
0.0016802
0.00027431
0.00042927
0.00012904
0.00042785
0.0013846
0.00043843
6.2192e-05
0.00015845
0.00012798
0.00023703
7.6179e-05
0.00017968
0.0002969
0.00056077
0.00022752
0
0
3.7259e-05
0
0
0
0
0
0
0
0
0
0
0
0
0
0.00073952
0.0046801
0.0011128
0
0
0
0
0
0
0.0003122
0
0
6.2192e-05
0.0006478
6.5438e-05
0
0
0
0
0
0
0.00030414
0.0020723
0.00059978
0.00036282
0
0
0
0
0
0
0.00038579
0.00089903
0
0
0
0
0.00091468
0.00063415
0.0001246
5.0369e-05
0
0
0
0
0.00032616
0.00083958
0.00014822
9.1714e-05
0
0
0
0
0.00010064
0.00089512
0.0011142
0.00025564
0
0
0
0
0
0
0.0011744
0.00057371
0.00021989
0.00083805
0
0
0
0
0.00016152
0.00018836
0.0039314
0.0011419
0
0
0
0
0
0
0
0
0
0
0
0
0
0
0
0
0
0
0
0
0
0
0
0
0
0
0.00042594
0.00011506
0
0
0
0
0
0
0.00010902
0.0008835
0.00043465
0
0
0
0
0
0.00010305
0.00073134
0.00024672
0
0
0
0.00091345
0.0019293
0.00021386
0
0.0013127
0.0018331
0.0001272
0.00046002
0.00147
0.0012113
9.1002e-05
0.00021633
0.00069926
0.00052424
0.00056901
0.00094966
0.00062297
6.6435e-05
0
0.00021676
0.00046156
0.00022044
0.00060279
0.0053867
0
0
0
0
0
0
0
0.0040273
0
0
0
0
0
0
0
0
0
0
0
0
0
0
0
0
0
0
0
0
0
0
0
0
0
0
0
0
0
0
0
0
0.00047593
0.00059725
6.8492e-05
0.00017077
0.00076603
0.0014695
0.00047112
0.00017722
0.0025361
0.0011403
0.00015798
0.00083097
0.0029785
0.00031159
0.00020175
0.0015049
0.0011158
0.00056393
0.00020357
0.0013093
0.0012276
8.7073e-05
0.00030104
0.0019471
0.001886
0.00083104
8.7571e-05
0.00016527
0
0
0.00036181
0.0026472
0.00030067
0
0.00018333
2.6437e-05
0.0012475
0.00014338
0
0.0073048
0
0
0
0
0
0
0
0.0064459
0
0
0
0
0
0
0
0.0037214
0
0
0
0
0
0
0
0
