0.030063
0.029239
0.034811
0.034042
0.029698
0.028839
0.032453
0.033588
0.0081624
0.0072906
0.0074309
0.0068072
0.0061922
0.0060775
0.0059847
0.0065472
0.0064027
0.0052021
0.0061939
0.0069279
0.0074704
0.0069537
0.006204
0.0066306
0.0092712
0.011334
0.0096322
0.0080761
0.008062
0.0094698
0.0080659
0.0065034
0.006227
0.0054119
0.011554
0.012231
0.0079736
0.0063378
0.012198
0.013907
0.00062336
0.00071507
0.00070169
0.00068216
0.00058201
0.00038721
0.00028795
0.00046196
0.0017938
0.0015419
0.0012409
0.00065155
0.0018456
0.0014842
0.0011751
0.0016161
0.0012719
0.0014636
0.0018566
0.0012892
0.0016431
0.0022356
0.0017765
0.0019963
0.0014314
0.0011472
0.0013106
0.0010565
0.0014108
0.00097126
0.0011986
0.00095342
0.002093
0.0022724
0.0024301
0.0012657
0.0016296
0.0018437
0.0010164
0.0015204
0.0035187
0.0026279
0.0028354
0.0041282
0.0020727
0.0022518
0.0034139
0.0024124
0.0013379
0.00072553
0.0018281
0.0026241
0.0013705
0.00090103
0.0020072
0.0027659
0.0022021
0.0017834
0.0013346
0.0018391
0.0027909
0.0025657
0.00095688
0.001108
0.0025094
0.0019881
0.0017919
0.0015431
0.0017944
0.0015904
0.00068814
0.0010204
0.0028477
0.0046003
0.0038821
0.0032883
0.0027479
0.0032886
0.0041887
0.003195
0.0022134
0.002118
0.0042104
0.0063965
0.0029516
0.0016639
0.0052819
0.0063563
0.0021595
0.00099278
0.0022152
0.0021781
0.0021437
0.0016937
0.0023104
0.0023305
0.0011814
0.0012057
0.0014542
0.0011103
0.0013225
0.0020957
0.0010899
0.00088389
0.0027092
0.0035442
0.0024861
0.0019201
0.0020238
0.0023934
0.0018374
0.001297
0.0010153
0.0013751
0.004193
0.0027031
0.0012471
0.00095949
0.0038524
0.0036646
0.00084337
0.00071271
0.0010021
0.00096791
0.0016595
0.0018846
0.0010549
0.0015892
0.00021052
9.8815e-05
0.00014327
0.00021719
0.00026692
0.00019426
0.00019063
8.0312e-05
7.5688e-05
8.124e-05
0.00025059
0.00024298
9.1698e-05
1.1034e-05
4.4396e-05
3.426e-05
9.6612e-06
1.5769e-05
0.00029678
0
6.3996e-05
8.3386e-05
0.00030258
0.00047681
0.00052316
0.00070674
0.00026167
0.00020919
0.0008811
0.00071727
0.00011309
0.00015219
0.00056973
0.00045325
0.00088042
0.00047871
0.00071876
0.00076949
0.00059122
0.00047381
0.0002216
0.00038969
0.00035751
0.00016291
0.00050927
0.00060378
0.00055787
0.00050673
0.00029558
0.00025191
0.00030596
0.00039865
0.00026084
0.00022492
0.00044106
0.00019655
0.00033776
0.00015554
0.00037036
0.00020735
0.00028237
0.00022667
0.0001131
0.00011569
7.0127e-05
0.00013111
8.1836e-05
1.2566e-05
0
3.3356e-05
2.7085e-05
2.6475e-05
0.00025161
0.0003025
7.79e-05
0.00020943
0.00022339
9.1224e-05
2.5833e-05
0.00027968
0.00098497
0.00069991
0.00061075
0.00029402
0.00072826
0.00046705
0.00053986
0.00027181
0.00024293
0.000165
0.00018045
0.00014835
0.00013561
0.00023231
0.0002196
0.0006287
0.0003083
0.0001943
0.00030495
0.00031388
4.3928e-05
0.00018983
0.00020831
0.00069168
0.00018087
0.00028601
0.00033008
0.00031459
0.00040774
0.00061612
0.00038431
0.00032725
0.00027738
0.00051568
0.00025503
0.00018374
0.00022902
0.00032935
0.0003864
0.00051014
0.00029706
0.00017149
0.0003108
0.00016918
0.00044734
0.00027658
0.00021376
0.00018049
0.00031346
0.00019901
0.00077757
0.00034573
0.00040639
0.00058956
0.00040682
0.00022659
0.00079586
0.00064049
0.00052478
0.0003294
0.00043138
0.00052742
0.0003604
0.00047515
0.0011747
0.0010883
0.00060186
0.00069251
0.0007531
0.00062832
0.00087652
0.00065544
0.00042569
0.00027344
0.00066545
0.00087835
0.00032441
0.00014734
0.00052237
0.00064552
0.00028734
2.7558e-05
7.2031e-05
0.00054135
0.00055324
0.00022278
0.0001966
0.00081325
0.00026352
0.0001527
0.00019171
0.00042433
0.0003528
4.7566e-06
4.6751e-05
0.00011623
0.00031479
0.00019255
0.00029234
0.00035739
0.00054855
0.00050984
0.00032938
0.00021871
0.00036253
0.00042461
0.00040149
0.0002652
0.00039996
0.00028905
0.00013844
0.0003927
6.4691e-05
0.00019826
0.00023065
0.00012632
0.00014698
8.9739e-05
0.00011685
0.00021057
0.00091897
0.0011695
0.00080009
0.00041582
0.00052312
0.00057336
9.4047e-05
0.0003729
0.00093012
0.00059574
0.00063954
0.00086528
0.00070908
0.00060278
0.00072992
0.0006251
0.00096619
0.0004536
0.00088339
0.0014823
0.0004078
0.00086567
0.0010889
0.00060885
0.00049117
0.00062902
0.0014681
0.0014239
0.00016905
0.00044982
0.0012457
0.0015262
0.00027156
0.00015761
0.00019299
0.00034736
0.00017417
0.00019479
0.00067604
0.00037861
0.00016645
0.0003825
0.00016948
0.00021952
0.00016033
0.00053645
5.3451e-05
0
0.00095255
0.00058837
0.00037534
0.00096656
0.0011393
0.0009518
0.00046233
0.00035593
0.00025092
0.00013819
0.00017781
6.419e-05
0.00013876
0.00012276
5.4695e-05
0.00015407
0.00077224
0.00099627
0.00058822
0.00059233
0.00029295
0.00034484
0.00029915
0.00033431
0.00093489
0.00058891
0.00066075
0.00094158
0.00073801
0.00069137
0.00066078
0.00040038
0.00070735
0.0013013
0.0011356
0.00086748
0.00067975
0.00099495
0.0010759
0.0009555
0.00050105
0.00048613
0.00098892
0.0016897
0.0010287
0.00034396
0.0013083
0.0019662
0.0004549
0.00030561
0.00039186
0.0012136
0.00098051
0.00043024
0.0010531
0.0011355
0.00044933
0.00024336
0.00069049
0.00050878
0.00055229
0.0004994
0.00080744
0.00063665
0.00035644
0.00020914
0.00030236
0.00019437
0.00057964
0.00033649
0.00037801
0.00047135
0.00069788
0.00032102
0.00024805
0.00033014
0.00073458
0.00066947
0.00020856
0.00023609
0.00069454
0.00045607
0.00077786
0.00045226
0.00045532
0.00044087
0.00012573
0.00029592
0.00089541
0.0016588
0.00083383
0.00042606
0.00076063
0.00091546
0.00064766
0.00054962
0.00035221
0.0010201
0.0011072
0.00096922
0.00059391
0.00052676
0.0016597
0.00092768
0.00035882
0.00075683
0.0012261
0.0014871
0.0006252
0.00060457
0.0011633
0.0015772
0.00085579
0.00060036
0.0013931
0.0016656
0.00039581
0.00033473
0.0016695
0.0014647
0.00098505
0.00035294
0.0011257
0.001648
0.00076511
0.00034526
0.00093559
0.0015272
0.00024103
9.4403e-05
0
0.00014058
0.0001965
0.00053159
0.00033544
0.00015174
0.00012615
0.00042802
0.00026652
0.00057945
0.00038486
0.00028399
0.00034461
0.00035838
0.00023047
0.00025197
0.00038253
0.00010979
0.00016652
0.00050402
0.00014556
0.00013969
0.0007936
0.0011776
0.00052919
0.00045887
0.00075799
0.00094517
0.00020567
0.00011491
0.00098766
0.0012499
0.00098899
0.00062363
0.00056171
0.0007561
0.0008737
0.0005668
0.0003945
0.000883
0.0015429
0.00083118
0.00064902
0.00025845
0.0011899
0.0010527
0.00037254
0.00027406
0.0017484
0.0014644
0.00034241
0.00025925
0.0017982
0.0013935
0.00055045
0.00044836
0.00085388
0.0007129
0.00093857
0.00072035
0.00059206
0.0012794
0
0
0
0
0.00027112
0.0001635
0.00023507
0
0.00050703
0.00025966
0.00033222
0.00016721
0.00044788
0.00060114
0.00015731
0.00023314
0.00031772
0.00020776
0.00042172
0.00021076
0.00027576
0.00070658
0.00044243
0.00015268
0.00057049
0.00043923
0.00046324
0.0004962
0.0004969
0.0004401
0.00036466
0.00023001
0.00031743
0.00056836
0.0005207
0.00032588
0.00014774
0.00023602
0.00025643
0.00026021
4.4435e-05
0.00013468
0.00024214
8.1154e-05
0
0.00010401
0.00016295
0.00058759
0.00015693
0.00023569
0.0004088
0.0002477
0.00029661
0.00024714
0.00067708
0.00044135
4.4944e-05
0.00010154
0.00012235
0.00019583
0.00019927
0.00062321
0.00022573
0.00027282
0.00033488
0.0001778
0.00031193
0.00019654
0.00028339
0.00048413
0.0001292
0.0003271
