0.027539
0.033541
0.035449
0.028797
0.02844
0.032464
0.03417
0.031962
0.0061587
0.0068829
0.0054156
0.0056798
0.0065123
0.0056961
0.0052214
0.0061746
0.0043019
0.0050394
0.0062947
0.0056163
0.0048822
0.0053046
0.0064255
0.0058119
0.009074
0.011701
0.007544
0.0056836
0.0089115
0.01124
0.007191
0.0067795
0.0080049
0.0099182
0.016195
0.011817
0.0081341
0.010223
0.015332
0.013196
0.00080832
0.0010814
0.00048127
0.00070686
0.00076789
0.00094648
0.0008752
0.00098786
0.0010614
0.0012779
0.0014841
0.0014462
0.00099671
0.0010057
0.00080645
0.0010451
0.00063057
0.00071785
0.00088356
0.0011085
0.00091103
0.00052322
0.0008531
0.00075821
0.00052699
0.00077878
0.00062747
0.0004765
0.00043438
0.00082095
0.00071748
0.00056703
0.0011845
0.0012034
0.00095417
0.00070867
0.0011775
0.0009899
0.0005994
0.00060556
0.0030544
0.0032191
0.0024517
0.0027525
0.0035487
0.002712
0.0028573
0.0035142
0.0017783
0.0020486
0.0030226
0.0025713
0.0017423
0.0020922
0.0035319
0.0032252
0.0013181
0.0015153
0.0017299
0.0014923
0.0017065
0.0018485
0.0013155
0.0012287
0.0017316
0.0012612
0.00074902
0.00055684
0.0016803
0.0013249
0.00079546
0.00099738
0.0043383
0.0053197
0.0037046
0.0028948
0.0047435
0.0053841
0.0031805
0.0034759
0.0030149
0.0033907
0.0049315
0.0038174
0.0026766
0.0029022
0.0053516
0.0039332
0.0017733
0.0019396
0.0029869
0.0022972
0.0015475
0.0019357
0.0026266
0.0029116
0.00062519
0.0012004
0.00042237
0.00038396
0.00077168
0.00096219
0.00060094
0.00035766
0.002324
0.0036497
0.0025409
0.0017347
0.0017012
0.0035688
0.0024563
0.0018716
0.0013562
0.0022891
0.0053335
0.0036347
0.001777
0.0023303
0.0044837
0.0037172
0.001756
0.0024033
0.0029156
0.0020829
0.0019275
0.0028083
0.002774
0.0026422
9.1603e-05
0.00018601
0.00020967
0.00010728
3.8561e-05
0.00020195
0.00030337
0.00025006
0.00024295
0.00032804
5.3199e-05
0.0001316
0.0002515
0.00016948
6.6673e-05
4.6075e-05
9.0959e-05
8.7009e-05
0.00024676
0.00034004
0.00012036
0.00011309
7.4157e-05
0.0001401
6.7932e-05
0.00020467
0.00025011
0.00025331
0.0001442
0.00016119
9.8656e-05
0.00010061
9.6913e-05
0.00019871
0.00020604
0.00024663
0.00018747
0.00017249
0.00017246
0.00016508
2.4938e-05
4.7173e-05
7.3459e-05
1.479e-05
2.6871e-05
4.1803e-05
3.1504e-05
4.9353e-05
7.0325e-06
7.1286e-05
7.9958e-05
3.5127e-05
2.8907e-05
7.2644e-05
7.5169e-05
9.6397e-05
1.1058e-05
0.00012655
0.00010542
8.1483e-05
8.4884e-05
0.00016662
4.1962e-05
3.9871e-05
0.00015658
0.00035325
0.00012059
0.00020932
0.00013317
0.00036052
0.00017645
0.0001249
0.00031719
0.00020269
6.1025e-05
0.000248
0.00032026
0.00020249
0.00030766
0.00054179
0.00038585
0.00052664
2.0925e-05
0.00016183
0.00029381
0.00014606
0.0001031
0.00016772
0.00046729
0.00038974
0.00082046
0.00060944
0.00041922
0.00056533
0.00053902
0.00054063
0.00013371
0.00018657
0.0005091
0.00049006
0.00028798
0.0001587
0.00044252
0.00037373
0.00036785
0.00025876
0.00018199
0.00038338
0.00036668
0.00013472
0.00019626
0.00025697
0.0003865
0.00043427
0.00032081
0.00029756
0.00025628
0.00019331
0.00028405
0.00027495
0.00013534
0.00014089
0.00012225
0.00010431
0.0001076
0.00040332
0.00029265
0.00016417
0.00045786
0.00051758
0.0002521
0.0001341
0.00030955
0.00046165
0.00015043
0.00012973
0.0001743
0.0002854
0.00027463
0.00013996
0.00031079
0.0001418
0.00014537
7.7336e-05
0.00029364
0.00025993
0.00041487
0.00054947
0.0005004
0.00027938
0.00044589
0.00052261
0.00089176
0.00084871
0.00045043
0.00060989
0.00081105
0.00079322
0.00071304
0.0010287
0.0004417
0.00050683
0.0003156
0.00025493
0.00029501
0.00030864
0.00042516
0.00066158
0.00022095
0.0001995
0.00031996
0.00046904
0.0003524
0.00031674
0.00035349
0.00031828
0.00020649
0.00033924
0.00040441
0.00014052
0.00012926
0.00017445
5.2304e-05
7.5248e-05
0.0001623
0.000184
0.00027515
0.00015482
0.00028438
0.00055011
0.00022281
0.00010884
0.00033575
0.00018749
0.00019101
0.00019596
0.0003076
0.00023021
0.00013385
0.00019057
0.00017758
0.00021986
0.00020228
0.00021088
0.00018252
0.00015623
0.00012766
0.00014609
0.00074645
0.00089021
0.00072914
0.00075124
0.00071276
0.00073859
0.00082146
0.00085303
0.0010212
0.00093295
0.00078991
0.00077571
0.0012849
0.00070048
0.00076777
0.00097135
0.00069156
0.00079167
0.0011772
0.00079987
0.00057591
0.00090501
0.0013631
0.0010171
0.00040124
0.00052618
0.00091646
0.00087599
0.00056889
0.00046627
0.0010986
0.0010314
0.00057535
0.00038425
0.00067102
0.00088828
0.00075166
0.00033082
0.00061467
0.00071792
0.00038152
0.00049178
0.00038114
0.00024693
0.00038566
0.00061955
0.0003746
0.0002051
9.0927e-05
0.00026432
0.00025004
9.0872e-05
0.00024155
0.0002698
0.00013184
0.00011837
0.00030418
0.00037241
0.00027939
0.00027169
0.00066231
0.0002844
0.00029944
0.0003971
0.0010745
0.0012167
0.00072574
0.00092483
0.0012394
0.0012976
0.00050447
0.00078868
0.0012661
0.0014083
0.00085943
0.00076947
0.00094723
0.0013948
0.00085765
0.0010434
0.00051623
0.0011946
0.0013688
0.00099813
0.00074586
0.00066324
0.0016953
0.00065413
0.00091196
0.00046403
0.0010869
0.0006152
0.00067425
0.00067733
0.0010054
0.00096843
0.00043447
0.00038837
0.00076224
0.00064181
0.00034028
0.0003332
0.00064285
0.00073659
0.00031404
0.00049739
0.00034366
0.00021623
0.0002861
0.00042664
0.00038935
0.00032258
0.00022074
7.4968e-05
0
0
8.8456e-05
2.2238e-05
2.2558e-05
8.7609e-05
0.00098946
0.00038417
0.00022877
0.00017561
0.00064637
0.00060978
0.00024668
0.00036513
0.0012424
0.0012604
0.00088193
0.00046526
0.0011978
0.0015098
0.00058154
0.00070939
0.00066671
0.0012715
0.001136
0.0006301
0.0012604
0.0012715
0.0010556
0.00089304
0.00068136
0.0011736
0.0013008
0.00091321
0.00067891
0.00087406
0.001308
0.0010275
0.00078178
0.00072215
0.0010003
0.0012648
0.00061689
0.0007327
0.0011566
0.0010171
0.00047647
0.00046432
0.0012864
0.00095834
0.00041174
0.00041785
0.001164
0.0013523
0.00027623
0.0006498
0.00071561
0.0004173
0.00048431
0.00056155
0.00057471
0.00049753
0.00016825
0.00023308
7.9996e-05
0.00013581
0.00014751
8.7855e-05
8.7883e-05
6.4811e-05
0.0002833
0.00029157
8.2495e-05
0.00010539
0.00022664
0.00016593
0.00021366
0.00010861
0.00099916
0.0011733
0.00054161
0.00049573
0.00068121
0.0012177
0.00057759
0.00044806
0.00064385
0.0014311
0.0011201
0.00059467
0.0006841
0.0010691
0.0013332
0.00054953
0.00045515
0.00088071
0.0016891
0.0011465
0.00057477
0.00079723
0.0015255
0.0013966
0.00047085
0.00040024
0.0019246
0.0013953
0.00049027
0.00070301
0.0012087
0.0012575
0.00044847
0.00048456
0.00077194
0.00080948
0.00033257
0.00065386
0.0010393
0.0010528
0.00051833
0.00075976
0.000985
0.00058112
0.00030685
0.00060485
0.00071286
0.00049597
0.00010612
7.5803e-05
6.2439e-05
3.5879e-05
3.2164e-05
7.1041e-05
3.0521e-05
3.7469e-05
0.00017953
0.00061037
0.00017959
0.00010819
0.00034511
0.00059979
0.00029561
0.00017403
0.0004387
0.00023304
9.6518e-05
0.00010381
0.00018369
0.00023848
8.1358e-05
0.00010789
0.00034706
0.00077026
0.0006654
0.00041231
0.00028404
0.00098799
0.00046977
0.00058748
0.00035346
0.00092936
0.0011154
0.00044647
0.00039031
0.0004834
0.0011746
0.00059147
9.4299e-05
0.00023349
0.00077353
0.00055602
0.00034042
0.00025891
0.00080353
0.00067717
0.00030814
0.00045628
0.00018257
0.00024958
0.00046867
0.0004498
0.0003261
0.00051029
0.00049286
0.00055481
0.00090085
0.00051399
0.0005379
0.00085012
0.00076432
0.00090965
