0.028112
0.034311
0.028739
0.029289
0.033566
0.04155
0.029207
0.026238
0.0086405
0.0075893
0.0043472
0.0091427
0.012911
0.0094427
0.0050478
0.0064029
0.006481
0.00899
0.0093579
0.010446
0.0074814
0.0075721
0.0081694
0.0073258
0.0055498
0.011395
0.0087551
0.0024987
0.004577
0.014556
0.0081742
0.0044541
0.0074406
0.0063365
0.0062793
0.0072019
0.008597
0.009979
0.0078158
0.0080555
0.00019975
0.00083675
0.00058735
0.0019415
0.0018209
0.0019124
0.001084
0.00018069
0.0017007
0.00097355
0.00098769
0.0039681
0.0037313
0.0017559
0.0011891
0.0023177
0.0019205
0.0016107
0.0015066
0.0035659
0.0016207
0.0012781
0.0011461
0.0018637
0.002058
0.0029149
0.0040941
0.003562
0.002322
0.0021885
0.0026047
0.0023012
0.0020348
0.0011992
0.0010139
0.00087585
0.0025209
0.0024349
0.0015835
0.001452
0.0047052
0.0045799
0.0017583
0.0023573
0.0048378
0.0033395
0.0011912
0.0024525
0.00040983
0.0019756
0.00087926
0.00099848
0.00091944
0.0018242
0.0016311
0.00052033
0.0020927
0.0024888
0.002878
0.0023192
0.0026193
0.0022813
0.0027874
0.0026406
0.0011871
0.0012282
0.00048613
0.00027559
0.0017285
0.0046145
0.00178
0.00099203
0.002195
0.0051089
0.0036851
0.0012419
0.001659
0.0054002
0.0028896
0.000989
0.001457
0.0018489
0.0014972
0.0013491
0.0014504
0.0026224
0.002742
0.0014112
0.0018432
0.0017692
0.0019276
0.0020798
0.001848
0.0032336
0.0015877
0.0021495
0.00052821
0.0017977
0.0026849
0.00071467
0.00081066
0.0027186
0.0021169
0.00091326
0.0016395
0.0032603
0.001899
0.00026656
0.00037881
0.0018228
0.0013877
0.0015598
0.0017112
0.00099437
0.0013229
0.0015984
0.0018222
0.0018923
0.0011585
0.0018711
0.0024292
0.0017241
0.0015315
0.0021746
0.0034765
0.0022307
0.0023275
0.0026237
0
0
0
0
0
0
0
0
0
0
0
0
0
0
0
0
0
0
0
0.00016894
0.00028131
3.2755e-05
0.00018398
4.6038e-05
0.00023246
5.0598e-05
2.7065e-05
0.0013393
0.0011076
0.00073166
0.0002793
0.00054012
0.00023503
0.00027412
0.00021422
0.0014696
0.00027985
0.00057345
0.00032966
0.00017219
0.00089454
0.00083711
0.00053687
0.00025829
0.00086057
0.00038019
0.0003902
0.00075501
0.00088711
0.00079715
0.0003942
0.00083237
0.00050772
0.00033578
0.00033877
0.0003444
0.00050354
0.00078243
0.0012941
0.00065153
0.00032214
0.00016773
0.00069934
0.00058123
0.00018384
0.00014237
5.8114e-05
0.0013103
0.00061594
0.0011583
0.000655
0.00010068
1.591e-05
0.00059058
0.00052923
0.00061468
0.0011614
0.00058556
0.00040555
8.0006e-05
0.00046554
0.00027013
0.0004693
0.00097788
0.0017097
0.00055323
0.00038363
0.0005668
0.0010027
0.00057712
0.00046972
0.0014586
0.00055443
0.0003751
0.00034218
0.0011648
0.00016532
6.5288e-06
0.0002801
0.0012443
0
0.00023271
0.00013068
0.00056576
0.00062562
0.00044274
0.00047538
0.00059376
0.00048031
9.1729e-05
0.00022481
0.00037073
0.00047493
0.0005064
0.00041006
0.00061973
0.00056744
0.0011988
0.0010076
0.00089526
0.00019241
0.00077289
0.0018598
0.0014584
0.00088448
0.00048624
0.00048812
0.00043334
0.00049499
0.00034869
0.00021518
0.00020406
0.00026157
0.00053785
0.00039896
0.00090675
0.0003694
0.00042141
0.00047076
3.3269e-05
0.000692
0.00066828
0.00057388
0.00022206
0.0012514
0.00068104
0.00046331
0.00024323
0.0014954
0.00046922
0.00024309
0.0010456
0.0011989
0.00079292
0.00025526
0.0012664
0.0015891
0.0005525
0.00036527
0.00084577
0.00011788
0.00097153
0.00023357
0.0003819
0.00031525
0.00039795
0.00033698
0.00021966
0.00019617
0.00082939
0.00035844
0.0001602
7.3527e-05
0.0007867
0.00035416
9.7851e-05
0.00030867
0.00054905
0.00028058
0.00019611
0.0003364
0.00066185
0.00087003
0.00057982
0.0011547
0.0011632
0.0010345
0.00068334
0.0010029
0.00053597
0.0010027
0.0010306
0
0
0
0
8.6709e-05
5.6087e-05
0.00011781
0
0.0011194
0.00049268
0.0002841
0.00063906
0.0011797
0.0013071
0.00051634
0.00032315
0.0013506
0.0016743
0.00041754
0.00031712
0.0010179
0.0016096
0.00033071
0.00013582
0.00090421
0.0012892
0.00045154
0.00025621
0.00037833
0.00046769
0.00025208
0.00034017
3.0815e-05
0
4.2759e-05
7.4505e-05
0.00031189
0.00038239
0.00056099
0.00018208
6.4966e-05
0.00022489
0.00024449
0.00038187
0.00021877
0.00025718
0.0004135
0
0.00031398
0.00055278
0.00061135
0.00088363
0.00077309
0.00076281
0.00072328
0.00044729
0.00027437
0.00027982
0.00095663
0.00051746
0.00048016
0.00028115
0.00023067
0.00054951
0
0
0
0
0.00035521
0.0013539
0.00053805
6.8733e-05
0.0006003
0.00039725
0.00025665
0.00015751
0.00091455
0.00082264
0.00024508
0.00025293
0.00075316
0.0014292
0.00011524
0.0001142
0.00083901
0.0011616
0.00050023
0.00027495
0.00019749
0.0011494
0.0016185
0.00077246
0.00055264
0.0017076
0.0011433
0.00019134
0.00029699
0.00052451
0.00090595
0.00066944
0.00027946
0.00055589
0.0013996
0.00067959
0
0
6.577e-05
0
0
0
0
7.8745e-05
0.00051083
0.00017645
0.00031347
0.00027541
0.00023191
6.722e-05
0.00017306
0.00051299
0.00057668
0.00050666
0.00086477
0.00054958
0.00064849
0.0012744
0.00043543
0.0010194
0.00013361
0
0
2.5117e-05
0.00021737
0.0011582
0.00061219
0.00036735
0.00040538
0.00074618
0.00026993
0.00010894
0.00058583
0.0011665
0.00024713
0.00020032
0.00063762
0.0013364
0.00063574
0.00021333
0.00031472
0.0015
0.00040454
0.00027957
0.00048866
0.0011434
0.0013778
0.00027183
0.00027668
0.00118
0.00072176
0.00029657
0.00035399
0.00059213
0.00034513
0.00028038
0.00025697
0.00070222
0.00091266
0.0002546
0.00077924
0.00070901
0.00012356
0.00034603
0.00089333
0.0012629
0.0003244
0.00041902
0.0007601
0.00046704
0.00051571
0.00075815
0.00051828
0.0008145
0.00029689
0.00038197
3.6585e-05
0.00050099
0.00036448
0.00053537
0.00050481
0.0010164
0.00061426
4.6771e-05
6.0367e-05
0.00029222
0.00035119
0.00026677
0.00036328
0
0.00019366
2.8548e-05
0.00031868
0.00044789
0.00021538
9.6057e-05
0.0001979
0.00097373
0.000916
0.00061616
0.00026581
0.0013124
0.00050163
9.627e-05
0.00023427
0.00066739
0.00052844
0.00031248
0.00021811
0.00076923
0.00047633
0.00027819
0.0001226
0.00067528
0.00020811
5.4982e-05
0
0.00012151
0.0001672
0.00027574
0.00016953
0.00042198
0.0004371
7.3331e-06
0.00034561
0.0001078
0.00074815
0.00071502
0.00020755
0.00012039
0.00031185
0.00059862
0.00045871
0.00051253
0.00029541
0.00052971
0.00085974
0.00048561
0.00048537
0.00099199
0.00025623
0.00033477
0.00045839
5.5929e-05
0.00042256
0.00041582
0.00083366
0.00086937
5.6017e-05
0.00084127
0.0015681
4.1742e-05
6.9674e-05
9.6375e-05
0.00041633
9.9972e-05
0.00019191
0.00029581
0.00029341
0.00017489
7.469e-05
0.0014603
0.00072843
0.00027128
0.00034328
0.00088887
0.00061996
0
5.2798e-05
0.00038977
0.00043825
0.0006558
0.00093042
0.00039944
0.00035418
5.9952e-05
8.0537e-05
0.00015268
0.00033268
0.00056828
0.00088134
9.2799e-05
0
0.00017058
0.0009426
0.00079352
0.00019032
0.00075085
0.00032971
0.00038083
0.0003973
0.00049034
0.000423
0.00023609
0.00014882
0.00041761
0.00052549
0.00019145
0.00017788
0.00071679
0.00092065
0.00080073
0.00043507
0.00041986
0.00081646
0.00053574
0.00047979
0.0007731
0.0011289
0.00046608
0.00044265
0.00057119
