0.025393
0.027394
0.037662
0.031489
0.023853
0.032842
0.040705
0.033603
0.0074421
0.0078691
0.0079179
0.0073763
0.0067315
0.0071886
0.0073306
0.0068942
0.0054144
0.0049388
0.0062174
0.0049904
0.0053136
0.0074035
0.0068486
0.0049667
0.0068051
0.0082879
0.0107
0.01036
0.0070152
0.0086462
0.012645
0.011407
0.0057313
0.0062984
0.012827
0.0087617
0.0047929
0.0096039
0.01388
0.010335
0.0014935
0.0017832
0.0010685
0.0012138
0.0019291
0.00095518
0.0014094
0.0011084
0.0021941
0.0022068
0.001586
0.0019316
0.0017726
0.0017642
0.0017834
0.0015189
0.0021107
0.0012908
0.00066216
0.00068132
0.0016947
0.0015099
0.00055628
0.00052019
0.0012189
0.0016878
0.0016268
0.00093234
0.0015439
0.0019088
0.0027215
0.0012171
0.0011031
0.0013628
0.0024078
0.0020665
0.00083516
0.0013899
0.0016446
0.0021292
0.0025742
0.0024041
0.0027292
0.0021279
0.0021548
0.0029963
0.0023754
0.0021212
0.00075452
0.00088496
0.0019781
0.0019062
0.0011084
0.00066245
0.0016405
0.001905
0.0012101
0.00088859
0.0018131
0.0013412
0.00092212
0.0031517
0.0017163
0.0012663
0.0017432
0.001939
0.0021331
0.0022401
0.0019957
0.0022775
0.0022422
0.0028681
0.0025374
0.0026602
0.0029051
0.0027412
0.0021757
0.0031949
0.0028111
0.0022717
0.0016114
0.0021115
0.0039293
0.0028923
0.0018507
0.0021472
0.0038306
0.0037304
0.0011001
0.0013957
0.0022341
0.0019884
0.0010578
0.0022837
0.0034114
0.0017467
0.00086165
0.0017022
0.0029468
0.0026897
0.0012098
0.0015411
0.0037632
0.0029974
0.0015553
0.0018402
0.0024796
0.0025515
0.0015372
0.0014657
0.003553
0.0032497
0.0018803
0.001233
0.0041257
0.0024652
0.00097356
0.002047
0.0036768
0.0027669
0.001247
0.0016147
0.0023452
0.00147
0.0009677
0.0030025
0.0029386
0.0018269
7.3724e-05
0.00043202
0.00030093
0.00019799
0.00041866
0.00016585
0.00024394
9.9166e-05
7.5146e-05
0.00014646
0.00028483
0.00011259
0.00040104
7.0445e-05
0.00025786
0.0001831
0.00031592
0.00037911
0.00045043
0.00042832
0.00039025
0.00042246
0.00036419
0.00013186
0.00085982
0.0010068
0.00037764
0.00074388
0.00058057
0.00090301
0.00041078
0.00038867
0.00048032
0.00034864
0.00019239
0.00032125
0.0008885
0.0005282
0.00019534
0.00011747
0.0013407
0.00063423
0.00017965
0.00016706
0.00070263
0.00070752
0.00013005
0.00035786
0.0004953
0.00059751
0.00037246
0.00013565
0.00034619
0.00070235
0.00024135
0.00016339
0.00031495
0.00034446
0.00025169
0.00011446
0.00044849
0.00024897
0.00043104
0.00043356
0.0005556
0.00046323
0.00033455
0.00066327
0.00050009
0.00014608
0.0004944
0.0004208
0.0007478
0.00062116
0.00014819
0.00023994
0.00060456
0.00050074
0.00041318
0.00037251
0.0007712
0.00074971
0.00062111
0.00048825
0.00050152
0.00032598
0.00057812
0.00070009
0.00022339
0.00016066
8.3642e-05
0.00019297
0.00027633
0.00016045
0.00043028
0.00033106
0.00023346
0.00017677
0.00022836
0.00022592
0.00011774
8.6966e-05
0.00011043
3.4121e-05
0
9.6322e-05
7.2853e-05
4.5263e-05
1.4518e-05
2.7576e-05
0
0
0.00021974
0.00015573
0.00040604
8.9822e-05
0.00029964
0.00063364
0.0010672
0.00033013
0.00015091
0.00043978
0.00059883
0.0004476
0.00033416
0.00040232
0.00065261
0.00019137
0
0.00014347
0.00035584
0.00010183
0.00012591
0.00012125
6.5862e-05
7.0467e-05
0.0002325
0.00056083
0.00098801
0.00046794
0.0002715
0.00044266
0.00058168
0.00051489
0.00089457
0.00073001
0.00079579
0.00069638
0.00079798
0.00072649
0.00049427
0.00071069
0.00056878
0.00041189
0.00048501
0.00021027
0.00023511
0.00039878
0.0004485
0.00025703
9.2408e-05
0.00012297
0.00014403
0.00034726
0.00044398
0.00011681
0.00023289
0.00024472
9.4831e-05
0.00019517
0.00046896
0.00038819
7.6612e-05
5.1963e-05
1.3888e-05
0.000242
0.00019336
0.00016679
0.00037071
0.00016762
0.00010311
0.0010085
0.00029851
0.00028936
0.00014249
0.00017448
0.00035976
0.00014824
0.00020488
0.00053054
0.00047074
0.00024747
0.00028294
0.00021033
0.00042137
0.00080764
4.1817e-05
0.00030068
0.00060506
0.00089186
0.00049603
0.00044819
0.00058816
0.00058409
0.00027763
0.00051945
0.00036935
0.00052318
0.00065624
0.0005823
0.00060369
0.00055274
0.00065091
0.00072269
0.00030477
0.00041553
0.00054626
0.00053425
0.00083426
0.00071814
0.00046436
0.0011091
0.0011015
0.00070542
0.00031591
0.00042382
0.00072826
0.00046703
0.00042248
0.00029954
0.00084156
0.00095674
0.0002094
0.00027473
0.00054935
0.00056984
0.000229
0.00023922
0.00052771
0.00054053
0.00046074
9.9267e-05
0.0004088
0.00071325
0.00028375
0.00062028
0.00034737
0.00036208
0.00027319
0.00042142
0.00052802
0.00030131
0.00023997
0.0009417
0.00058223
0.00028502
0.00015476
0.0001094
0.00013848
0.00070631
0.00020338
0.00023925
0.00065834
0.00057963
0.00056661
0.00088701
0.00082649
0.00065835
0.00053771
0.0005359
0.00053259
0.00065123
0.00063546
0.00058522
0.00057866
0.00054151
0.00079687
0.00071852
0.00044931
0.00045005
0.00073716
0.0007066
0.00063906
0.00036146
0.00033021
0.00083215
0.00083685
0.00050812
0.00049652
0.00083297
0.00082622
0.00046918
0.00050305
0.00066082
0.0010263
0.00096934
0.0001581
0.00027583
0.00091019
0.00064235
0.00012434
0.00046548
0.00064523
0.00060581
2.9626e-05
0.00022156
0.00062307
0.00050694
0.00021578
0.0004484
0.00061322
0.00041038
0.00033489
0.00040954
0.00040459
0.00022482
0.00013225
0.00063443
0.0011954
8.0717e-05
0.00025455
0.00035205
0.00061632
0.00034613
0.00036275
0.00063304
0.00029085
0.00068184
0.00066889
0.00056505
0.00046549
0.00048001
0.00075175
0.00082317
0.00076045
0.00091937
0.00057488
0.00070438
0.00099899
0.00090278
0.00062752
0.00075439
0.00061642
0.00039004
0.00062225
0.00058575
0.00061009
0.00087014
0.00047308
0.0008524
0.00077927
0.00085367
0.00053885
0.00077535
0.0014657
0.00080303
0.00068371
0.0005379
0.0010982
0.00094422
0.00048401
0.00030511
0.00083093
0.00085374
0.00050503
0.00039887
0.00095815
0.0010921
0.00021481
0.00025875
0.00070515
0.00061458
0.0002822
0.00035144
0.00086185
0.00042851
0.00036983
0.00033633
0.00020807
0.00062372
0.00040498
0.00064784
0.00090505
0.00065566
0.00019492
0.0007546
0.00084267
0.00041168
0.00017357
0.00031261
0.00092375
0.0004676
0.00025057
0.00020049
0.00055167
0.00050403
0.00020123
0.00063408
0.00093863
0.0008868
0.00063197
0.00042127
0.00063005
0.00054934
0.00046774
0.00034103
0.00069122
0.00059077
0.0004427
0.00077079
0.00081902
0.00045775
0.00034752
0.00063517
0.00071369
0.0004223
0.00039809
0.00033976
0.0015513
0.00080031
0.00034136
0.0007965
0.0011319
0.00039846
0.00049814
0.00021638
0.00093424
0.00060694
0.00018076
0.00041891
0.0011454
0.0012564
0.00038961
0.00029602
0.00066461
0.00030235
0.00028357
0.00076389
0.00070099
0.0003416
0.00024026
0.00036532
0.00043682
0.00017917
0.00036537
0.00073846
0.00044997
0.00052251
0.00016969
0.00025962
0.00060564
0.0009539
0.00025884
0.00031124
0.00077324
0.00078941
0.00022222
0.00047922
0.00076342
0.00078948
0.00057619
0.00026085
0.0011088
0.00082957
0.00022472
0.00038715
0.00064702
0.00044148
0.00032949
0.00045174
0.0011379
0.00085871
0.00020293
0.00022638
0.00045504
0.0010845
0.00029812
6.0056e-05
0.00078449
0.0013405
0.00033029
0.00016405
0.00098476
0.00057231
0.00010107
0.00023057
0.0013201
0.00075038
0.00053125
0.00025618
0.00056002
0.00039862
0.0003526
0.00037926
0.00022338
0.00030987
0.00042335
0.00060225
0.00065036
0.00025425
0.00016366
0.00059586
0.0010032
0.00050291
0.00032358
0.00034427
0.00065904
0.00076586
0.00021012
0.00092119
0.00084592
0.00053678
