0.025786
0.026068
0.032638
0.0313
0.032357
0.029638
0.038971
0.034557
0.010554
0.0084237
0.0073438
0.0061151
0.009133
0.0089081
0.0095809
0.0090596
0.0034492
0.0045578
0.0042393
0.0059153
0.0060236
0.0055217
0.0085817
0.007389
0.0051652
0.0083055
0.013562
0.012029
0.0081257
0.0087349
0.010353
0.011823
0.0066183
0.0047807
0.0074932
0.0072403
0.0090749
0.0064736
0.010455
0.0062859
0.0034548
0.0027732
0.0016176
0.00098559
0.0028304
0.0021389
0.0023125
0.0017138
0.0026087
0.0019643
0.0015351
0.0010642
0.0011548
0.0012152
0.002162
0.0020285
0.00074861
0.00048102
0.00082032
0.0011927
0.00093125
0.0013701
0.0017491
0.0031961
0.0011888
0.0010635
0.00062758
0.00077473
0.0010576
0.00062511
0.0018477
0.0014619
0.002635
0.0027083
0.0026602
0.0021282
0.0024761
0.0027278
0.0020739
0.0028341
0.0018192
0.00097785
0.0010205
0.0014203
0.0022556
0.0026744
0.0027139
0.0020957
0.00098244
0.00078856
0.0010362
0.0023714
0.0025698
0.00097319
0.0012798
0.0016167
0.00056519
0.0020934
0.0018209
0.0015673
0.0016546
0.002463
0.0037619
0.001327
0.0020735
0.0028118
0.0038157
0.0020599
0.0033458
0.0024009
0.0020938
0.0023095
0.0014172
0.0031438
0.0048648
0.005613
0.0026105
0.0022968
0.0040631
0.005164
0.00085921
0.0008058
0.0015065
0.0022559
0.0013907
0.0017549
0.0043725
0.0010996
0.0011468
0.0006451
0.0011617
0.00083673
0.0013133
0.0010764
0.0012647
0.00059457
4.8397e-05
0.0011209
0.0019172
0.00066121
0.0005507
0.0019688
0.001022
0.00017593
0.001545
0.0011646
0.0030388
0.0039285
0.0016068
0.0017931
0.0030268
0.0040059
0.0023213
0.0014337
0.0029471
0.0033793
0.0038336
0.0010342
0.0022973
0.0033492
0.0022606
0.0019186
0.0018909
0.00093705
0.0024944
0.0030223
0.0027406
0.0013967
0.00047563
0.00028037
0
0.00011788
0.0005086
0.00057771
0.0003781
0.00090397
0.00079068
0.00093287
9.4507e-05
7.8738e-05
0.00069939
0.00072002
0
0
0.00023359
0.00027968
0
0
0.00051641
0.00053995
0
0
0.0003192
0.00069465
0.00092443
0.00034281
5.0621e-05
0.00015622
0.0010001
0.00035347
0.00022402
0.00012747
0.00070125
0.00035233
8.7017e-05
0.00019302
0.00064998
0.00047397
0.00012056
5.4531e-05
0
0.00027615
0.00017204
0.00073651
0.00070686
8.8527e-05
0.00032475
0.00015901
0.00012181
0.00031406
0.00046268
7.9648e-05
0.00012623
0.00017184
8.3752e-05
0.00049383
0.00035215
0.00011938
0.00024625
0.00043294
0.00013484
0.00025797
0.0010748
0.00048378
0.0014312
0.00047818
0.0007408
0.00062742
0.0012781
0.0004316
0.0011137
0.00083671
9.1874e-05
0.00031079
0.00075601
0.00021378
0.00065635
0.00029378
0.00079623
0.00050232
0.0002491
0.00023697
0.00042001
0.00018994
0.00054561
0.0011972
0.0011417
0.00072714
0.00027899
0.00031758
0.00026087
0.00032904
0.00026051
0.00044878
0.00023563
5.6423e-05
8.9518e-05
0
0.00013289
0.00032391
0.00053485
0.00101
0.00014218
0.0002426
0.0001121
0.00055576
0.00041621
0.0001167
6.2075e-05
0.0013784
0.00092454
0.00027697
0.00013109
0.00028798
0.0003134
0
0.00081708
0.0011421
0
2.4881e-05
2.2526e-05
8.0402e-05
0.00019084
0.00011252
0.00092067
0
0.00011892
0.00074032
0.00074255
0.00040976
0.00051253
0.00088939
0.0011901
0.0006346
0.00065036
0.00039936
0.00091054
0.0004374
0.00027267
0.00048909
7.437e-05
0.0014408
0.00037182
0.00035347
0.00030515
0.0004745
0.00066949
0.00030716
0.00013157
0.00088135
0.00039379
0.00013325
0
0.00019364
0.0011312
0.0011118
0.00051509
0.00029557
0.00010201
0.00029172
0.00037003
0.00060879
0.0010128
0.00037112
0.00039831
0.00038836
0.00065454
0.00048677
0.00055616
0.001044
0.00018928
0.00023629
0.00040956
0.00028397
0.00024088
0.00099518
0.00054776
0.00043093
0.0010432
0.0006232
0.00029152
0.00029814
0.00014652
8.8312e-05
0.00029637
0.00026157
0.00027274
0.0010757
0.0020522
0.00062352
0.00094545
0.00097126
0.00052387
0.00063529
0.00035463
0.00093949
0.00033284
0.0003378
0.00087892
0.00046935
0.00041827
0.00057246
0.0012337
0.00033259
0.00047657
0.00028589
0.00020377
0.00012806
8.5719e-05
0.00019078
9.3753e-05
0.00084557
0.00076216
0.00012795
0.00073088
0.00032951
0.00062886
0.00057336
0.00012587
0.00034138
0.0010655
0.00083718
0.00038621
0.00012345
0.00013712
8.7788e-05
0.0010411
0.00033265
0.00064793
0.00081747
0
0
0
0.00069223
0.00033313
0
6.3538e-05
0
5.743e-05
0.00082266
0.00066507
0.00040971
0.00023119
0.00020453
0.00014026
0.00037182
0.00012035
0.00023552
0.00035021
0.00046514
0.00043886
0.00073832
0.0012779
0.00024903
0.00030354
0.00090189
0.00097126
0.00075161
0.00040184
0.00014183
0.00038208
0.00069937
0.00053096
0.00035724
0.00080142
0.0006148
0.0012266
0.00092237
0.00050411
0.00037811
0.00019584
0.00036417
0.00071684
0.0008137
0.00030637
0.00026409
0.0006367
0.0006967
0.00041425
0.00039358
0.0012518
0.0010976
0.00058422
0.00033223
0.00112
0.0017092
0
0.00018525
0.00050014
0.00064127
0.00050655
0.00051066
0.00069034
0.00090516
0
0
0.00016085
0.00014147
0
0.00025765
0.00085992
5.1859e-05
0.00018273
0.00035155
0.00048947
0.00040327
0.00010307
0.00016488
0
0
0.00091764
0.00025308
5.7914e-05
0
0.0009226
0.00059478
0.00032562
0.00012317
0.00053047
0.0010652
0.0010794
0.00012086
0.00058504
0.00069616
0.00021312
0.00049407
0.00049756
0.00048742
0.00082933
0.00057267
0.00094607
0.00064058
0.00099445
0.00058449
0.00054523
0.0010409
0.0013216
0.0010195
0.0010199
0.00084926
0.00081991
0.0016587
0.00047281
0.00074593
0.0012744
0.00239
0.00060929
0.00085126
0.0011701
0.00098875
0.0007327
0.0010861
0.0012412
0.0016422
0.0011611
0.00076571
0.0012648
0.00040668
7.7733e-05
6.8658e-05
0
0.00010399
0
0.00022083
0.0018738
0
0
0
2.5505e-05
0.00022909
0
0
0
0
9.5167e-05
0.00010553
0.00062761
0.00022349
0.00028768
0.00031674
0.00093911
0.0004714
0
0.00034983
0.0006541
0.00027252
0.0001526
0.00040631
0.00074268
0.00017593
4.8397e-05
0.00023235
0.0010816
0.00026251
0.000322
0.00054741
0
0
0.00039677
0.00052854
0.0011572
0.00060877
0.0005568
0.00054831
0.00098911
0.00088298
0.00057223
0.00047472
0.0010319
0.00094256
0.00065331
0.0012571
0.0013539
0.001844
0.00059173
0.00055354
0.0021219
0.0016062
0.00073816
0.00065208
0.0016972
0.00098055
0.00036787
0.00026707
0.00065966
0.0010869
0.00050555
0.00021867
0.00059156
0.00092085
0.00012037
0.0002184
0
9.9523e-05
0.00010977
2.1155e-05
0.00054079
0.00052955
0.0010593
0.00023949
0.00036335
0.00019749
0.00038497
0.00079388
0.00063637
0.0001093
0
0.00053871
0.00018146
6.388e-05
7.6096e-05
0.00093447
0
0
0
0
0
0
0
0
0
0
0
0
0.00040842
0.00073521
0
0
0
0.000164
0.00042246
0.00016132
0.00044129
0.0011707
0.00039668
1.9007e-05
0.00015001
0.0010249
0.00070361
0.00020865
5.6315e-05
0.00090009
0.00060545
9.4598e-05
0.00030299
0.000864
0.00063368
0.00031923
0.00010927
0.00022016
0.0014947
9.7013e-05
5.0621e-05
0.00047983
0.00077417
0.00055061
0.0007031
9.1023e-05
0.0017495
0.00056431
0.000982
0.0004335
0.00038722
0.00099528
0.0006526
0.00064854
0.00059432
0.0010771
0.00043167
0.00043592
