0.030631
0.035806
0.036004
0.025514
0.025832
0.037318
0.034125
0.025389
0.0076808
0.0094885
0.0098644
0.0060095
0.007083
0.0075855
0.0081003
0.0061836
0.0034104
0.0044169
0.0050351
0.0024734
0.002815
0.0054761
0.0062916
0.0028403
0.0094506
0.013051
0.01214
0.008264
0.0085737
0.012945
0.010618
0.0081445
0.010089
0.0088503
0.0089652
0.0087667
0.0073603
0.011311
0.0091152
0.0082205
0.0019142
0.0019162
0.0028641
0.0013301
0.001837
0.0011988
0.0017512
0.0015378
0.0015538
0.0021054
0.0014148
0.0010232
0.00078143
0.0025369
0.0022958
0.001125
0.00070856
0.00090461
0.0017332
0.00038402
0.00032352
0.00063916
0.0018778
0.0008087
1.7264e-05
0.00024571
0
0
0
0.00035688
0.0013214
8.9489e-05
0.0017038
0.0027285
0.002547
0.0011182
0.0022738
0.001793
0.0015344
0.0011133
0.0023894
0.0026064
0.0028193
0.0025044
0.0021908
0.0020394
0.0025025
0.0023545
0.0021729
0.0025174
0.0024312
0.0018062
0.0020937
0.0022562
0.0013799
0.0016549
0.00063126
0.00074219
0.00061071
0.00030527
0.00039773
0.0022413
0.0017289
0.00034016
0.0026427
0.0033122
0.002429
0.0015295
0.0018073
0.0023893
0.0024394
0.0025677
0.0033255
0.0041616
0.0035234
0.0024169
0.0025273
0.0033724
0.0027571
0.0018665
0.0049921
0.004032
0.0030161
0.0029484
0.0035885
0.0038604
0.0029036
0.0026499
0.0010901
0.0019043
0.0014186
0.00084743
0.001249
0.0034447
0.0017033
0.00060836
0.0015707
0.0013582
0.0016539
0.0017066
0.0017901
0.0037315
0.0016324
0.0015927
0.001832
0.0040288
0.0041497
0.002553
0.0024273
0.0031017
0.0033385
0.002
0.0030928
0.0018164
0.0039368
0.0042374
0.0018503
0.0020131
0.0032989
0.0043934
0.00096492
0.0012621
0.00097749
0.00079151
0.00069425
0.0023427
0.00166
0.00068647
0.00028684
0.0004324
0.00044032
0.0001834
9.7152e-05
0.00040516
0.00068403
0.00041682
0.00057156
0.00057295
0.0012062
0.000272
0.00044933
9.2412e-05
0.00045682
0.0005217
0.00032949
0.00036798
0.00027254
0.00011399
0.0002212
0.00086886
0.001274
0.00048694
0.0005193
0.0010926
0.00079117
0.00050452
0.00037626
0.0010136
0.00032865
0.00032275
0.00044322
0.00046071
0.00045127
7.7811e-05
0.00029565
0.00036261
0.00025509
0.00014239
0.0001049
6.2079e-05
0.00037159
0.0001676
2.7873e-05
2.4002e-05
0.00083685
0.00062001
0
0
0
0
0
0.00010417
0.00028285
2.8313e-05
0
0
0
0
0
0
0
0
0.00074137
0.00036014
0.00044306
0.00030667
0.0009194
0.00063177
0.00056465
0.00054392
0.00025611
0.00049111
0.00073919
0.00053434
0.0003379
4.0937e-05
4.5673e-05
5.5412e-05
0.00042741
0.0001408
0.00021365
0.00038082
0.00016882
0.00058326
0.00042496
0.0002188
0.00028657
0.00056362
0.00014621
5.7567e-05
4.8361e-05
9.9711e-05
0.00026816
9.6527e-05
0.00020979
8.7281e-05
0.00010983
0.00012671
0
0.00022409
0.00018031
4.6298e-05
0
0.0002272
0.00082709
1.189e-05
0
0
0.00048426
0
1.7264e-05
0.00031306
0
0
0
0.00017909
0.0008257
4.6409e-05
0
0
0
0
0
0.00010209
0.00033415
1.4766e-05
0.00047568
0.00063003
0.00063557
0.00041076
0.00087428
0.00062067
0.00058224
0.00057321
0.00037131
0.00044119
0.00092409
0.00039508
0.00075482
0.00046402
0.00026739
0.00022756
0.00050521
0.00069586
0.00081692
0.00080877
0.00068267
0.00024519
0.00070453
0.00087891
0.00048494
0.00030061
0.00036505
0.00088709
0.00065731
0.0002638
0.00080213
0.00037706
0.00035142
0.00026812
0.00040259
0.00024212
0.00033025
0.00042301
0.0001757
0.00037109
0.00015085
0.00026411
0.00031165
0.00011893
0
0.00014656
7.2553e-05
0.0001237
4.0521e-05
0.00023021
0.00024853
6.4763e-05
2.625e-05
0.00013792
0.00026709
4.1662e-05
0.00010541
3.3217e-05
4.9578e-05
2.0624e-05
4.1586e-05
0.0005994
0.00059865
8.9271e-05
0.00037379
0.00034394
0.00030088
0.00015568
0.00042935
0.00041606
0.00042083
0.00010987
0.000334
0.0011184
0.00057685
8.2648e-05
7.8399e-05
0.0002516
0.00024769
0.00015356
0.00059832
0.00079957
0.00083676
0.00056086
0.0005086
0.00060133
0.00050161
0.00060337
0.00073559
0.00075713
0.00072258
0.00020304
0.00041091
0.00091338
0.00049065
0.00051553
0.0008674
0.0010763
0.00070886
0.00049614
0.00076235
0.00088523
0.0004972
0.00049711
0.00083711
0.0009838
0.0010181
0.00083986
0.00088047
0.00080417
0.00065429
0.00059089
0.00066589
0.00059412
0.00039536
0.00042647
0.00051878
0.00031962
0.00010116
0.00031012
0
0
0
0
0
0.00073751
0.00051281
0
0.00048452
0.00043597
0.00023291
0.00031222
0.00033969
0.00020875
0.00022398
0.000488
0.00067742
0.0012613
0.00059576
0.00046214
0.00039034
0.00058914
0.00034779
0.00025823
0.00049724
0.00097048
0.00056683
0.00025425
0.00067525
0.00055282
0.00057634
0.00042152
0.00097405
0.00091903
0.00070171
0.00073437
0.00061407
0.00098542
0.0005653
0.00037594
0.0012984
0.00077229
0.00069103
0.00055339
0.00099152
0.00088657
0.00044078
0.00045754
0.0012381
0.00053347
0.00065849
0.00090892
0.00094429
0.00097808
0.00055637
0.00099191
0.00053393
0.0014593
0.0005925
0.00067059
0.00058748
0.00045608
0.00022281
0.0003517
0
2.8111e-05
0.00017542
8.6454e-05
9.1227e-05
0.001099
0.00068958
0
0.00063608
0.00037174
0.00046094
0.0001955
0.00049304
0.0006688
0.0014156
0.0012989
0.00075831
0.0011891
0.001093
0.00052976
0.0004394
0.00089195
0.00037881
0.00049008
0.0006704
0.0010235
0.00067075
0.00044662
0.00070561
0.00092355
0.00045793
0.00041631
0.00082337
0.0011736
0.0013055
0.00082215
0.00051245
0.00091746
0.0011559
0.0006475
0.0013039
0.0010136
0.0012913
0.00080722
0.00041613
0.00090394
0.00095381
0.00062651
0.0012759
0.001078
0.00049416
0.00069502
0.0011499
0.00090125
0.00077851
0.00046207
0.00074341
0.00091426
0.00058285
0.00024859
0.00078884
0.00066081
0.00050319
0.00032266
5.1221e-05
0.00024005
0.00027378
1.4981e-05
3.2903e-05
0.0014309
0.00049675
6.2299e-05
0.00026168
0.00045006
0.00062741
6.7863e-05
0.00010809
0.0014061
3.6151e-05
0
0.00071637
0.00060248
0.00059349
0.00057263
0.00055247
0.0009613
0.00043245
0.00047782
0.00038635
0.001166
0.00088818
0.00081004
0.0007765
0.0010035
0.0010591
0.00051498
0.00075039
0.0017246
0.0012446
0.00040243
0.00044285
0.0010673
0.001081
0.00054368
0.00089238
0.00076433
0.0014813
0.0014217
0.00024908
0.00042521
0.0014522
0.0016369
0.0012999
0.00046069
0.0007476
0.001326
0.0010827
0.00073471
0.00067729
0.0011692
0.00091287
0.00038556
0.00054694
0.00088955
0.0005166
0.00091505
0.00062557
0.0006797
5.7961e-05
0.00065967
0.00034469
1.4916e-05
0
0.00058667
0.00052656
2.0285e-05
0.00034572
0.00026054
0.00032344
0.00088695
0.00062987
0.0005911
0.00050752
0.00045805
0.00022369
4.5141e-05
0.00010953
9.8439e-05
0.00043737
0.00077308
0.00060518
0.000553
0.00015156
0.00043936
0.00073878
0.00026307
0.00036777
0.00020098
0.00011433
0.00028698
0.00046078
0.00047737
0.0011138
0.00093931
0.00083647
0.00077102
0.00088384
0.00055227
0.00068679
0.0006764
0.0012067
0.0011683
0.00020714
0.00046259
0.00087504
0.0010371
9.6937e-05
0.00013643
0.00045391
0.00035305
0.00037737
0.00037584
0.00037718
0.00061874
0.00015191
8.1725e-05
0
3.661e-05
0.00012558
0.00069771
0.00048191
0.00012399
6.5205e-05
0.0001351
0.00029751
3.7642e-05
5.2071e-05
0.00021694
0.00019448
0
