0.022668
0.032102
0.032118
0.037939
0.023681
0.049115
0.031409
0.020969
0.0091322
0.0056357
0.0040213
0.010709
0.01116
0.010625
0.0077178
0.0077496
0.0013611
0.0056425
0.0069048
0.0047018
0.0046711
0.0098333
0.002562
0.0010862
0.0085219
0.013504
0.0074955
0.012367
0.0058058
0.013634
0.011931
0.0075457
0.0036527
0.0073204
0.013696
0.010161
0.0020444
0.015023
0.0091977
0.0045872
0.00021806
0.0001826
0.00026092
0.001676
0.0017185
0.0020712
0.0018459
0.00012872
0.0011154
0.0007281
0.0010247
0.0044473
0.0019059
0.001277
0.0019267
0.002738
0.00051091
0.00039952
0.00088222
0.0024952
0.0021091
0.00038478
0.00040059
0.00064147
1.8092e-05
0.0027045
0.0029173
0.00165
0.0018722
0.0034669
0.0012899
0.00010518
0.0028119
0.0013672
0.00097207
0.0017667
0.0030616
0.0037409
0.002149
0.0018757
0.0049746
0.0033579
0.0017637
0.0028195
0.0044298
0.003136
0.001642
0.0030072
0.00069375
0.00071069
0.00030946
0.00044792
0.0004578
0.00046244
0.00033436
0.00033956
0.00015044
0.0018278
0.0027958
0.00010871
0.00027602
0.0059187
0.00069129
0
0.001158
0.00078664
0.0004355
0.00032936
0.00093688
0.0034747
0.0024826
0.00080433
0.0021031
0.01131
0.0050647
0.0013713
0.0035219
0.0072687
0.0057668
0.0013885
0.00059948
0.0022958
0.0051553
0.00048882
0.00049591
0.0013117
0.0051659
0.00087053
0.00020169
0.0022035
0.0039863
0
1.4289e-05
0.0075158
0.00053715
0
0.0023602
0
0.00083096
0.0048385
0.0011405
0.0022979
0.0024836
0.0025358
0.002803
0.0013429
0.0011136
0.0057412
0.00017332
0.00040155
0.0010282
0.0027665
0.0021059
0.00063911
0.0021046
0.0055018
0.0010938
0.00062787
0.001869
0.0021035
0.00084312
0.002246
0.0025007
0.0042566
0.00047365
0.0057589
0.0017958
0.0016637
0
0
0
0.00061331
0.00058493
0.00073825
0.00089736
0
0
0
0
0.00069376
0.00086818
0
0
0
0
7.228e-05
0.00013259
0.0012056
0.00037062
0.0003847
4.657e-05
5.6253e-06
4.9616e-05
2.1943e-05
4.8596e-05
0.00083107
0.00084243
0.00013243
0.00021215
0.00034383
0
0
0
0.001054
0.0012226
0.00035715
7.8245e-05
0
0
0.0002011
0.00015185
0.0010899
0.0008118
0
6.2863e-05
0
0
0
0
0.00092358
0.00089769
0.00017552
1.0784e-05
0
0
0.0012026
0.0014202
0.00063478
0.00096357
0.0012309
0.00078382
0
0
0
0
0
0
0.0011485
0.00048177
0
0.00021806
0.00017335
0.00022873
0.00029383
0.00022118
0.0001845
0.00042233
0.00010804
0.0008838
0.00039691
0.00049957
0.0014587
0.00026543
0.00053011
0.00076377
0.0010315
0.00012724
0.0002148
0.0003054
0.00083968
0.00021302
0.00022977
0.00089874
0.0012946
0.00023638
6.3387e-05
0.00042555
0.0002172
7.467e-05
2.7637e-05
0.00010853
0.0002123
0.00026148
0.00011932
0.00030481
7.0769e-05
0
0
0.00011918
0.00042917
1.8092e-05
1.1655e-05
7.5343e-05
9.1634e-05
1.096e-05
0.00040113
0.00017995
0.00010518
0
0.0014309
0.0014218
0
0
0.0015848
0.00030036
0
0.00015153
0
0
0
0
0.00076332
0.00051025
0.0004837
0.0011325
0.00050371
0.00061257
0.00091709
0.0013939
0.00088558
0.00041948
0.00063145
0.0021363
0.00065171
0.00056799
0.0012875
0.0012006
0.00045502
0.00077068
0.0013446
0.00045352
0.00015066
0.00017559
0.00084126
0.0010161
0.00044931
0.00028007
0.001082
0.00031446
0.00049135
0.00014882
9.697e-05
2.089e-05
0.00016106
0.0001952
0.0001058
0.00028165
0.0001538
0.00013287
0.0001812
0.00014682
8.323e-05
8.5268e-05
0.00021901
0
0
0
0
0
2.7166e-05
3.9574e-05
0
0
0.0010665
0.00088581
0
0
0.002308
0.00046881
0
0
0
0
0.00022697
0.00030099
0.0012346
0.00070794
8.731e-05
0.0013497
0.00077458
0.00039168
0.00069767
0.0013834
0.00063958
0.00046498
0.00069388
0.0020901
0.0019047
0.00074809
0.00067159
0.001844
0.0016095
0.00038406
0.00045426
0.00019496
0.0005435
0.00023215
0.00013137
0.00049076
0.00051324
0.00010349
0.00015994
6.79e-05
8.1248e-05
2.777e-05
0.00017512
0.00028552
0.00021815
6.8485e-05
9.342e-06
0
0
0
5.7983e-05
4.5784e-06
0
0
0
0.00012357
4.6522e-05
1.7188e-05
0.00010871
0.00027602
0
0
0
0
0.00077418
0.0017375
0
0
0.0034481
0.00019786
0
7.4775e-05
0
0
0.00022206
0.00013088
0.0012905
0.00098285
0.00032543
0.00087743
0.00084055
0.0003201
6.7927e-05
0.00073108
0.00087197
0.00015348
0.00016928
0.00098459
0.002976
0.00073287
0.00019899
0.0016186
0.0026592
0.00072376
0.00040924
0.00052985
0.003104
0.0013964
0.00025174
0.00052108
0.0014494
0.0021412
0.00029086
0.00039317
0.00052423
0.00073047
2.4652e-05
7.9429e-05
0.00061016
0.00074294
0.00016621
3.1527e-05
8.9113e-06
0
0
0
0
0
0
0.00022856
1.1152e-05
0
0
0
0
0
0
0
0.00090208
0.0021461
0
1.4289e-05
0.0036782
0.0001828
0
0
0
0
0
0
0.00091712
0.0008854
0
0.00038402
4.4212e-05
0.0001154
3.9373e-05
8.9673e-05
0.00061294
0.00040571
0.00030962
0.0003059
0.0017204
0.0012786
0.00016119
0.0005562
0.0013984
0.0010858
0.00030123
0.00034194
0.0033458
0.0014918
0.00073658
0.00085616
0.0015915
0.0016715
0.00036688
0.00020219
0.0014866
0.0037995
0.00036401
0.00029311
0.00056772
0.0039
0.00055004
1.5371e-05
1.7561e-05
0.00027519
8.3601e-05
0.00010416
6.1456e-05
0.00023911
1.0859e-05
0
0
0
0
0
0.00056891
4.8976e-05
0
0
0.0010632
0.0019955
0
0
0.0031616
0.00028375
0
0
0
0.00023415
0
0
0.001685
0.0008017
0
0.00012305
0
0
5.6788e-06
0.00017798
0.00010084
0.00023261
0.00011837
0.0002801
0.00043982
0.00036589
5.3152e-05
1.4842e-05
0.00017811
0.0004568
0.00028088
0.00042171
0.0011963
0.00099103
0.00016721
4.7711e-05
0.00050261
0.00082503
0.00038523
0.00042461
0.0007539
0.00144
0.00023017
0.00010788
0.00070028
0.0018156
0.00029187
6.6192e-05
0.00014379
0.00066889
0.00016757
0
0
0.00035443
0.0004728
0
0
0
0
1.3968e-05
0.00066426
0.00025636
1.239e-05
0
0.0015979
0.0013361
0
1.6996e-05
0.0029377
0.0004855
2.4807e-05
0.0012007
0
0.00059681
0.0027209
0.00021072
0.00051206
0.0015952
0.0011796
0.0010365
0
0
0.0021119
0.00076448
0
0
0.0012378
0.0013359
0
0
0.0028593
0
0
0
0.00099097
0.0008607
0
0
0.0026843
0.00017332
0
0
0.0011585
0.0009596
0
6.2344e-05
0.00252
0.00034811
0
0
0.00075325
0.00065555
0
0.00028351
0.0026007
0.00065701
0
0
0.00073443
0.00023723
0
0
0.0026075
0
3.5595e-05
0.00075928
0.00064852
0.0006059
0.00087512
0.0011646
0.0016491
0.00044268
0.0024384
0.00031629
0.000978
