0.023594
0.017992
0.018132
0.024657
0.036501
0.054682
0.04243
0.032437
0.0054256
0.0027365
0.0036738
0.0094741
0.024053
0.012987
0.0095521
0.0097667
0.005835
0.0091348
0.0054795
0.0099121
0.0057255
0.018261
0.0084527
0.0055563
0.0088613
0.0037239
0.0015914
0.0011735
0.0043825
0.015818
0.015184
0.0096425
0.003472
0.002397
0.0073869
0.0040974
0.0023403
0.0076153
0.0092412
0.0074715
0
0
0
0.00034058
0.001241
0.00058188
0
0
0.0035352
0.0011105
0.0012533
0.006235
0.015355
0.0048767
0.0024827
0.0054064
0.0026128
0.001822
0.00092488
0.0078352
0.0035071
0.0062211
0.0023457
0.0027669
0.0023026
0.0039379
0.0019801
0.0014103
0.00084063
0.0065506
0.0039448
0.0022336
0.00039065
0.00022261
0.00010541
0.0012977
0.0056561
0.0048616
0.0050101
0.0034278
0.0014997
0.0013066
0.0023151
0.0013096
0.0016994
0.0018752
0.0018259
0.00093248
0.0001198
0.00037486
0.00073
0.00028558
0.00033498
0.00026676
0.00056138
0.00025566
0.00079971
0.0029848
0.0018317
0.00067229
0.0011442
0.0054904
0.0016503
0.00025157
0.004822
0.001298
0.00024489
0.00067963
0.0031534
0.010779
0.0053581
0.0037004
0.00042733
0.00071936
0.0011007
0.00038681
0.00067212
0.0012103
0.0011576
0.00044306
0.00038044
0.00067015
0.0018052
0.00060891
0.00030338
0.00061987
0.0014725
0.00083982
0.00060743
0.00044199
0.001775
0.00052747
0.00058672
0.0017877
0.0018551
0.00038711
0.00039304
7.3989e-05
0
0
0.00028299
0.0011258
0.0016813
0.00046821
0.0030424
0.0016798
0.00024586
0.00010708
0.00027397
0.0029552
0.0069444
0.0049656
0.0022913
0.0010151
0.0033582
0.0025139
0.0011233
0.003337
0.0047252
0.0057314
0.00031787
0.0003345
0.00039922
0.00044717
0.00032693
0.0017779
0.0010666
0.00060338
0
0
0
0
0
0
0
0
0
0
0
0
0
0
0
0
0
0
0
0
0.00098579
0.00092531
0
0.00021651
0.00077888
0.00018269
0.00035995
0.0033856
0.0054147
0.0010313
0.00058985
0.0029179
0
0
0
0.0032036
0.0018425
0.0045142
0.00058837
0
0.0011892
0
0.00020322
0.0030669
0.00047648
0.00032649
0.00014434
0.0016195
0.0018847
0.00044793
0.0011264
0.0008584
0.00051448
0.00054814
0.00091814
0.0020647
0
0
0
0
0
0.001124
0.0015776
0
0
0
0
0
0
0
0
0
0
0
0
0.00034058
0.001241
0.00058188
0
0
0.00031001
7.6228e-05
0.00012841
0.00084139
0.0047028
0.0022805
0.0015383
0.00053389
0.0024463
0.00085163
0.00076494
0.002008
0.0042519
0.00063956
0.0003546
0.001738
2.0866e-05
0.00010754
0.00011599
2.0024e-05
4.8252e-05
0.00052159
0.00014426
5.3354e-05
0.0014028
0.0017145
0.00060567
0.0015447
0.0011398
0.00085887
0.0014688
0.001094
0.00041791
0.0034899
0.00081466
0.00047987
0.00030911
0.0033023
0.00041818
0.00016884
0
0
3.8963e-05
7.2001e-05
1.7043e-05
0.0015761
0.0010308
0
0
0
0
0
0
0
0
0
0
0
6.7355e-05
0.00050208
0.0034031
0.0023534
0.0022355
0.0019108
0.00040694
0.00069571
0.0011106
0.00046471
0.00050103
0.00022589
0.00034148
7.7933e-05
0.00063901
0
9.2609e-05
0.0007731
0.00065076
0.00051585
0.000833
0.00062681
5.0186e-05
5.9292e-05
0.00015019
1.8062e-05
0.00017709
0.00019066
0.00014687
0.0001219
0
0.0001818
0.00011624
0.00012163
4.122e-05
0
3.7204e-05
0
0.00032008
0.0022425
0.001231
0.000441
0.00039758
0.00433
0.00095373
0.00012332
0
0
1.9675e-05
2.3761e-05
3.6454e-05
7.5092e-05
9.7381e-05
7.107e-05
0
0
0
0.00017539
0.00033952
0.00019541
0.00076491
0.00024255
0.00039065
0.00022261
3.8051e-05
0.00062021
0.0019135
0.0023128
0.0020097
0.0012744
0.00037098
0.00017846
0.00010957
1.6511e-05
0.00042435
0.00057281
0.0001883
0.00019837
8.2782e-05
0.00043245
0.0010023
5.5286e-05
0.0001233
0.00056067
0.00046312
2.9368e-05
0
6.4922e-05
0.00038778
7.505e-05
6.8679e-05
7.6103e-05
0.00037731
0.00013376
6.9614e-05
6.8839e-05
7.5795e-05
7.0831e-05
4.7995e-05
0
0
0
0.00045839
0.00071192
0.00055259
0.00020752
0.00069363
0.00091057
0.00053121
1.6099e-05
2.1245e-05
3.0338e-05
2.8511e-05
0
1.6511e-05
0.00017479
6.8018e-05
4.1083e-05
0.00023812
0
0
0.00013979
6.2173e-05
0.0011206
0.001813
0.00038621
0.0011582
0.00062149
0.00011883
0.00024771
0.00094982
0.0041726
0.001369
0.0013745
7.0891e-05
0.00017544
6.5736e-05
5.0349e-05
7.452e-05
0.00060276
0.00015102
2.4743e-05
4.478e-05
0.00019016
0.00053245
0.00016266
7.1155e-05
0.00013745
0.00054379
0.0001082
9.6102e-05
0.00043886
0.00082494
0.00027735
0.00015036
0.00022695
0.00086543
0.0005106
0
0
0
0
0
0
0
0
0.00052555
0.0002636
0.00093045
0.0001155
0.00022921
0.00069749
0.00076918
0.00017512
0
0
0
0
0
0
0
0
0
0
0
0
6.4398e-05
0
7.0428e-05
0
0.0034257
0.00067653
0.00012606
0.00029213
0.002077
0.0054856
0.0021056
0.0019397
0.00031166
0.00024574
0.00039577
0.0001738
0.00045639
0.00047005
0.0004628
0.00023925
0
0.00010801
0.00010672
0
7.0048e-05
0
0
7.0873e-05
0.00025494
0.0002159
0.00081273
0.00017385
7.1836e-05
0.00037116
0.00060407
0.00030798
2.9397e-05
1.539e-05
0.00016751
0.00015771
8.1184e-05
2.1765e-05
2.9896e-06
2.1238e-05
6.3946e-05
0.00012748
0.00081414
0.00039187
0.00032426
0.0008485
0.00089795
0.00021199
1.7938e-05
5.0911e-05
3.041e-05
2.01e-05
3.3254e-05
0.00024172
0.00018793
0
0
0
0
0
0
0
0
0
0.00039304
7.3989e-05
0
0
0.00028299
0.0011258
0.0016813
0.00046821
0.0019034
0.0013009
0.0001227
6.1022e-05
8.3709e-05
0.0027209
0.0045234
0.0013143
0.0003285
0.00035245
0.00012317
4.6061e-05
0.00019026
0.00019789
0.00091514
0.00027464
0.00021303
0.00051103
0.0011851
0.00057817
0.00019161
0.00038681
0.00092311
0.00043217
0.00023415
0.00021175
0.00032236
0.00028218
0.00013056
0
0.00016803
0.00032411
0.00030841
0.00024817
0.00033698
0.00032769
0.00019418
0.00064982
0.0003218
0.00034835
9.4539e-06
0
4.0466e-05
1.4798e-05
2.016e-05
0.000148
0.00017011
4.3908e-05
0
0
0
0
0
0
0
0
0
0
0
0
0
0
0
0
0
0
0
0
0
0
0
0.00033906
0.00081049
2.6488e-05
0
0
0
3.6493e-05
0.0015058
0.0030376
0.0010211
3.8884e-05
0.00014796
4.8252e-05
0.00010153
0.0021526
0.0027089
0.0030977
0.000823
0.00025344
0.0017028
0.0016053
0.00069958
0.00079761
0.00092516
0.0018774
0
7.6873e-05
2.1765e-05
0.00010468
8.7115e-05
0.00065914
0.00040848
0.00019294
0
9.4539e-06
0
0
2.5479e-05
0.00032093
0.00016622
1.8185e-05
