0.01912
0.032959
0.040459
0.028914
0.022822
0.032861
0.044365
0.030036
0.0050278
0.0041089
0.0034526
0.0032294
0.0051126
0.0045069
0.0026895
0.0035199
0.0030645
0.0083297
0.0054765
0.0036274
0.0029101
0.0072945
0.0077296
0.0038172
0.0071954
0.012294
0.014376
0.0092655
0.0091682
0.011881
0.014819
0.0076887
0.0038325
0.0082263
0.017154
0.012792
0.0056308
0.0091782
0.019127
0.01501
0.0004276
0.00030602
0.00028854
0.00030434
0.00058736
0.00034692
0.00021715
0.00047105
0.0010991
0.00058322
0.00041746
0.00038846
0.0015417
0.00075904
0.0005416
0.00052487
0.00053578
0.001709
0.00060719
0.00031011
0.00026125
0.0025037
0.0015786
0.00050198
0.00072383
0.0012357
0.001304
0.00053406
0.00086112
0.0008948
0.0009342
0.00053417
0.0020538
0.0016301
0.0015932
0.0015926
0.0016282
0.0014832
0.00083083
0.0013964
0.0014473
0.0015895
0.0011534
0.00094399
0.0013553
0.0019177
0.0010999
0.0011276
0.00074437
0.0012202
0.0018636
0.0017733
0.00078574
0.00085422
0.0022201
0.0016593
0.0010605
0.0041647
0.0017018
0.00101
0.001002
0.0030418
0.0029968
0.0011218
0.0026176
0.0026903
0.0016268
0.0016135
0.0027153
0.0024646
0.0012721
0.0012006
0.0020104
0.0040084
0.0052927
0.0033825
0.0029004
0.004019
0.0061586
0.0035923
0.00082339
0.0017901
0.0054624
0.0041115
0.0011284
0.0015558
0.0063747
0.0040182
0.00081719
0.0021
0.0026322
0.0013495
0.00075275
0.0027681
0.0032029
0.0014805
0.00058158
0.00090205
0.0010777
0.00067601
0.00080512
0.0012722
0.00088702
0.0004808
0.0019858
0.0046935
0.0063785
0.0035935
0.0027474
0.0041253
0.006501
0.0024151
0.0013913
0.0023621
0.006557
0.0059219
0.0025414
0.0023576
0.0062607
0.0071018
0.00080063
0.0019741
0.0025023
0.0014086
0.0012082
0.0024967
0.0032889
0.0024099
0
0
0
0
0
0
0
0
0
0
0
0
0
0
0
0
0
0
0
0
2.0943e-05
0
0
0
0.00025784
0.00017001
9.1462e-05
0
0.00054369
0.00014337
0
2.8925e-06
0.00023261
0.00022495
0.00024825
0.00016704
6.451e-05
0.0001063
0.00057414
0.00021375
0
0.00070261
0
0
0
0.0011687
7.631e-05
0
2.954e-05
0.00012003
0.00031446
8.0349e-05
8.03e-05
0.00022284
6.6095e-05
0.00012817
0.00032986
0.00043097
0.0005179
0.00014622
0.00015892
0.000283
0.00028513
0.00012693
0
0
0
0
0
0
0
0
0.00038703
0.00030602
0.00026238
0.00026936
0.00051925
0.0003082
0.00021187
0.0003875
0.00051027
0.00019318
6.0184e-05
0.00017946
0.0007674
0.00023938
0.00019356
0.00035221
0.00028976
0.00018
0.00025813
0.00020129
0.00024459
0.00033839
0.00033851
0.00015931
0.00013343
0.00012748
0.00013319
0.00013271
0.00017146
0.00028014
0.00032872
0.00019285
0.00017196
0.00062258
0.00019684
0
1.2269e-05
0.00095562
0.00053947
0.00010764
0.00011208
6.2872e-05
0.00012103
3.9676e-05
0.00010229
0.00013192
0.00026566
5.3722e-05
0.00020861
0.00052979
0.00030174
0.00024435
0.00044474
0.00020037
0.00021144
0.00014699
0
0
0
0
0
0
0
0
0.00085971
0.00061485
0.00071527
0.00049968
0.00067656
0.00072846
0.00021988
0.00050857
0.00026615
0.00017982
7.043e-05
0.00013136
0.00037478
0.00022216
3.3982e-05
3.8906e-05
0.00038386
0.00023264
0.0001977
0.00026903
0.00026262
0.00024006
0.00019861
0.00022911
0.00021767
0.00050609
0.00033654
0.00019
0.00026927
0.00010103
0.00020356
0.00015003
1.1926e-05
3.1423e-05
7.3446e-05
0
0
0.00021001
0.00058422
7.8857e-05
6.3673e-05
0.00019974
0.00027838
0.00021991
0.00015604
0.00032435
0.00021134
0.00022181
5.711e-05
0.0011573
0.00043285
0.00038736
0.00018177
0.0003925
0.00047383
0.00035944
0
0
0
2.2251e-05
0.00011173
0.00011598
0.00014088
0.00011438
0.0010651
0.00088291
0.00084182
0.0010423
0.00075203
0.00060039
0.00044748
0.00073025
0.00056688
0.00067713
0.000441
0.00029696
0.00059216
0.0009732
0.00033493
0.00053092
0.0002044
0.00050554
0.00036008
0.00020089
4.038e-05
0.00043912
0.00042526
0.00016935
0.00027979
0.00035972
0.000755
0.000726
0.00029399
0.00033079
0.00080222
0.0008169
0.00014728
8.4214e-05
0.00046403
0.00078801
0.00021449
0.00022482
0.00046027
0.00062152
0.00034306
0.00067758
0.00013081
0.00014905
0.00017821
0.0013071
0.0014893
0.00045944
0.00058482
0.0019822
0.00056322
0.00016826
0.00042068
0.00083049
0.00065685
0.00015451
8.6466e-06
0
0
9.4818e-05
0.0001343
0.00033264
0.00018744
0.00014599
0.0013287
0.0012262
0.00093007
0.00055903
0.0012428
0.00084918
0.0003615
0.00064714
0.0006315
0.0010618
0.00090817
0.0007593
0.0010065
0.0013988
0.00090983
0.00085633
0.0003369
0.0008154
0.0010419
0.00058148
0.00045274
0.00072171
0.0013025
0.00070479
0.00010124
0.00076037
0.0012675
0.0006974
0.00024197
0.00039636
0.0019295
0.00060259
0.00019339
0.00030624
0.0011781
0.0012576
0.00018772
0.00023751
0.0010344
0.00055168
0.00042323
3.289e-05
0.00032957
0.00016655
0.00015435
0.00038808
0.00034221
0.00040131
0.00017332
0.00061024
0.00069486
0.00053963
0.0001833
0.00050734
0.00051252
0.00060137
2.2654e-05
4.0348e-05
9.1904e-05
2.6586e-05
7.0827e-05
0.00015238
0.00019453
6.096e-05
0.0011504
0.001302
0.00062166
0.00091833
0.0012889
0.00086272
0.00046229
0.00040769
0.00056843
0.0012445
0.0012826
0.00083886
0.00080096
0.0011742
0.0017066
0.00052324
0.00053034
0.00072972
0.0018991
0.0010515
0.00058052
0.00069949
0.0020526
0.0013326
0.00031707
0.00033517
0.001666
0.0010061
0.00051105
0.00068389
0.0014599
0.001415
0.00015851
0.00037613
0.0012593
0.0010371
0.00016316
0.00019982
0.0015977
0.0012563
9.2007e-05
0.00013578
0.00066865
0.00065099
0.00021538
0.00075659
0.0010976
0.00025461
4.7399e-05
0.0012195
0.00074526
0.00010282
0.00026492
0.00090417
0.0012399
0.00012116
0
0
7.5579e-05
3.6304e-05
0
0
0
0
0.00062551
0.00081114
0.00069147
0.00049376
0.00058851
0.0011675
0.00052922
0.0003133
0.00081549
0.0016396
0.0012382
0.00078831
0.00097496
0.0012654
0.0014461
0.0005762
0.00043301
0.0015316
0.0022518
0.0013514
0.00084497
0.0011923
0.0021018
0.0010038
0.00047493
0.00061536
0.001826
0.0012384
0.00053522
0.00062286
0.0020308
0.0015955
0.00047508
0.00054089
0.0013802
0.0011847
0.00049092
0.00055944
0.001683
0.0016
0.00016672
0.00040007
0.0010563
0.00060637
0.00027486
0.00052726
0.0014455
0.001228
0.00017102
0.00066924
0.0003531
7.0178e-05
0.000214
0.00066673
0.00032725
0.00023503
0
7.5205e-06
6.1463e-05
1.7577e-05
0
0
0
0
7.532e-05
0.00018413
0.00022168
0.00010872
0.00015917
0.00012981
0.00035124
0.00015252
0.00045899
0.00068703
0.0011294
0.00046477
0.00055117
0.00084648
0.0010579
0.0003026
0.00030481
0.00098707
0.0014711
0.00093903
0.00042989
0.00088643
0.0018742
0.00049225
0.00029274
0.00074682
0.0018192
0.0011991
0.00071477
0.00071246
0.0014771
0.0011154
0.00021573
0.0006129
0.0014629
0.0019309
0.00072771
0.00065065
0.0012176
0.0023084
0.00022278
0.00044656
0.00087829
0.00054556
0.0004807
0.00068103
0.0013522
0.0011938
0.00020171
0.00042682
0.00033027
0.00033438
0.00029357
0.00050993
0.00030594
0.00029325
