0.020641
0.040837
0.043812
0.016823
0.018427
0.040391
0.049516
0.019648
0.012765
0.017639
0.010011
0.0072896
0.009714
0.013338
0.0082836
0.0096639
0.0034017
0.0022147
0.0015218
0.0011603
0.0012502
0.0066996
0.0050475
0.0046005
0.0032546
0.019293
0.025607
0.0056732
0.0038704
0.014458
0.024976
0.0032195
0.0012203
0.0016898
0.0066725
0.0027002
0.0035926
0.0058948
0.011209
0.0021641
0.0011359
0.00064127
0.00043504
0.0013212
0.00054198
3.0682e-05
0.00018883
0.0017516
0.0024736
0.0015817
0.0029707
0.0031055
0.0017529
0.00077252
0.0017055
0.0054153
0.0011318
0.00067869
0.00046568
0.00029476
0.00028526
0.00046907
0.00094245
0.0020685
0.0010876
0.0002253
0.00011098
5.1106e-05
5.0711e-05
0.0029025
0.00088663
0.0003984
0.0069567
0.0058279
0.0014154
0.0015365
0.0052865
0.0048732
0.00085501
0.0013685
0.0021987
0.0095757
0.0050137
0.0012827
0.0021326
0.0075738
0.0052828
0.0010523
0.00032066
0.00043082
0.0010186
0.00085818
0.0007428
0.0014833
0.0018412
0.0011622
0.00086165
0.00089201
0.0001026
0
0.00017139
0.0019327
0.0016286
0.0010476
0.001506
0.0085822
0.0038774
0.0010646
0.0018221
0.0056501
0.00382
0.00052881
0.00060427
0.0051164
0.010687
0.0016931
0.00069649
0.004554
0.011316
0.0012161
6.8903e-05
0.00030144
0.0020453
0.00021677
0.00014753
0.0021713
0.00308
0.00037981
9.1365e-05
0
5.165e-05
0.00031309
0.0019564
0.0010562
0.00096663
0.00056992
0.00026264
0.0019797
0.0031509
0.00055973
0.00034935
0.0008941
0.0022808
0.00044681
0.00080589
0.0034887
0.0071766
0.0022617
0.00099015
0.0032367
0.007026
0.00096179
0.00042418
0.00071281
0.0050029
0.0018121
0.00067529
0.0015583
0.0065143
0.0011098
0.00071155
0.00080185
0.00028761
0.00045231
0.00082572
0.0012323
0.0011816
0.00017058
0
0
0
0
0
0
0
0
0
0
0
0
0
0
0
0
0.00037876
0.00021787
0.00043574
0.00020396
6.8818e-05
1.7507e-05
5.1321e-05
0.00071114
0.00037377
0.00040113
0.0011557
0.00076165
7.6318e-05
4.4629e-05
0.00057609
0.0017406
5.2687e-05
5.0015e-05
0
0
0
0
0.00046072
0.0010137
0.00076479
0.00014164
6.5516e-05
0
0
0
0
0.00073576
0.0012278
9.1822e-05
5.446e-05
2.9558e-05
4.1371e-05
0.00072079
0.00062774
0.00039229
0
0
0
0
0
0.00013539
0.0002085
0
0
0
0
0
0
0
0
0
0.0011075
0.00050302
0.00041046
0.0011596
0.00054198
0
0.00015791
0.0016224
0.0011609
0.00060363
0.00074862
0.0015882
0.00098223
0.00035009
0.00047787
0.0018829
0.00056023
0.00034705
0.0005956
0.00067871
0.00056365
0.00035482
0.00046295
0.0010046
5.1793e-05
0.0001213
0.00016364
0.00013741
0.00020046
0.00013702
0.00035981
0.00040157
4.2985e-05
0.00030747
0.00020798
0.00013512
0.00011304
0.00032368
0.0002004
7.8483e-05
7.936e-05
0.00019174
9.9083e-05
6.7186e-05
1.9613e-05
0.0020127
7.2065e-05
1.7237e-05
0
0
0
0
0
0
0
0
0.0014295
0.0008892
0.00012991
2.5153e-05
0.00065106
2.6754e-05
1.9961e-05
6.8416e-05
0.0021692
0.0013566
0.00013234
0.00072083
0.0024872
0.0009305
0.00034298
0.0010402
0.0014787
0.0018734
0.00065788
0.000221
0.0010295
0.0016173
0.00027556
0.00030128
0.00038596
0.0013893
0.00058553
0.00013222
0.00045124
0.0015446
0.00093307
0.000218
4.9539e-05
2.7088e-05
0.00027177
0.00036471
0.00035607
0.00045059
0.00032033
0.0004568
0.00013066
0.00015634
0.00011421
0.00041525
0.00022744
9.3436e-05
0.00019732
0.0003166
0
0
0
0
0
0.00064056
0.00039341
0.00015122
0
0
0
0
0
0
0
0
0.0013995
0.0011558
0.00066516
0.00040598
0.0009695
0.00054174
3.8342e-05
1.8698e-05
0.0016312
0.0022269
0.00043564
0.00038449
0.0010585
0.002752
0.00044303
0.00019255
0.00039686
0.0035465
0.0011501
0.00039858
0.00043467
0.0032181
0.00073387
0.0001492
0.00019742
0.0025138
0.0020916
0.00053085
0.0003196
0.0014353
0.0029645
0.00023682
0.00011484
0.00011932
0.00093869
3.8665e-05
0.00012863
0.00093447
0.0013142
0.00042405
2.3758e-05
0.00012808
6.856e-05
2.6315e-05
4.9889e-05
3.8748e-05
0.0002473
7.2895e-05
0.00027693
9.3688e-05
8.3812e-05
0
6.6552e-05
0.00030172
0.00023465
0.00040033
0.00056037
0.0007562
0
0
4.8473e-05
0.00072552
0.00083833
0.00046408
0.00066031
0.0022231
0.00060109
0.00019172
0.00034412
0.0011292
0.00014313
0.00012086
0.00037465
0.0025905
0.0010229
0.00027926
0.00053145
0.0017545
0.0012442
0.00014339
0.00018303
0.0018586
0.0017876
0.00025033
0.00013428
0.0018211
0.0019278
0.00035681
0.00011159
0.00047105
0.0038628
0.00053954
0.00018175
0.00059735
0.0037775
0.00029923
4.59e-05
0.00033765
0.00076087
0.0001835
2.7593e-05
0.0011931
0.0011039
0.00012779
0
0
7.3597e-05
0
0
0
1.1502e-05
0
0
1.5712e-05
3.4286e-05
0.00021808
0.00086948
0.00011125
4.1659e-05
0
2.4346e-05
2.6409e-05
0
4.4703e-05
0.00093812
0.00076956
0.00013563
4.6175e-05
0.00015069
0.001345
0.00077476
0.00026051
0.00047182
0.00083573
7.6641e-05
9.194e-05
0.00030173
0.0024342
0.0013826
0.00033314
0.00044437
0.0017827
0.0014664
0.00014842
0.00015389
0.0016566
0.0022623
0.00030216
0.00019875
0.0016392
0.0029993
0.0002614
0.00018275
0.0010852
0.001911
0.00038883
0.0001766
0.00067098
0.0029331
0.00031415
6.6974e-05
0.00024107
0.0017472
9.5822e-05
9.8423e-05
0.0009543
0.0020239
0.0002546
0
0
7.6773e-06
0
0
5.4467e-05
1.0434e-05
0
5.0528e-05
1.9794e-05
0.00011771
7.0727e-05
0.00017081
0.00021097
0.00081101
0.00038829
0
0
0
0
0
0
0
0
0.00010183
0.00029303
0.00036335
6.2078e-05
5.1529e-05
0
0
0
0.00020565
0.0016814
0.0020898
0.0003503
0.0001813
0.00081726
0.0024452
0.00038071
0.00029399
0.0015971
0.0019601
0.00040073
0.00035368
0.0014279
0.001675
0.00023837
0.00013126
0.00063604
0.0013648
0.00043194
0.0002013
0.0008745
0.0021281
0.00024574
0.00023666
0.00033705
0.0027383
0.00041854
5.9164e-05
0.0005996
0.0026348
0.00030128
0
2.1617e-05
6.2711e-05
0
0
2.8865e-05
0.00049051
1.5067e-05
0.00076467
0.00085251
0.0003058
0.00012643
0.00039213
0.0010016
0.0011816
0.00034139
0
0
0
0
0
0
0
0
0
0
0
0
0
0
0
0
0
0
0.0007251
0.00014735
2.4843e-05
0.00010982
9.1081e-05
8.7101e-05
0.00010438
0.00067247
0.0012083
0.00061654
0.00026684
0.00062052
0.0011718
0.00015043
0.00025161
0.00083763
0.0026565
0.00089297
0.00031137
0.00051986
0.0022155
0.00032418
8.6144e-05
0.00032511
0.0023844
0.0010567
0.00037247
0.0003799
0.0025544
0.00081607
9.3938e-05
3.0619e-05
0.00022015
0.00041014
0.00018591
0.00059749
0.0011077
8.2672e-05
1.9797e-05
3.8316e-05
0.00012435
0.00032588
0.00055323
0.00032012
0
0
0
0
0
0
0
0
0
0
