0.022967
0.03465
0.037242
0.025597
0.026474
0.038781
0.039465
0.024823
0.0071264
0.0071775
0.0074598
0.0081685
0.0067842
0.01082
0.0073728
0.0081512
0.00406
0.0085265
0.0083936
0.0043814
0.0055111
0.0071346
0.0090023
0.0036593
0.0075482
0.011833
0.011395
0.0070854
0.0086863
0.0136
0.013247
0.0063332
0.0042324
0.0071128
0.0099944
0.005962
0.0054925
0.0072265
0.009843
0.0066795
1.8774e-05
0.00034383
0.00014976
0
3.1049e-05
0.0027078
0.00041196
5.329e-05
0.0020889
0.0022629
0.0028971
0.0021745
0.001508
0.0018349
0.0026807
0.002213
0.00079075
0.0010528
0.00084064
0.00073593
0.001565
0.00071387
0.00067807
0.00051752
0.00057323
0.0027962
0.0035256
0.0010605
0.00078998
0.0020396
0.0038653
0.00027518
0.0013123
0.0015787
0.0010413
0.001459
0.0012198
0.0037179
0.0012869
0.0015615
0.0036472
0.0028463
0.0031648
0.0043696
0.0040254
0.0024387
0.0028498
0.0042169
0.0020282
0.0018679
0.0021153
0.0020381
0.0025281
0.0022987
0.0027024
0.0027094
0.00072707
0.0029553
0.002119
0.00071222
0.0006281
0.002203
0.0019
0.00026375
0.0020345
0.0025045
0.0019234
0.0018402
0.0022137
0.0031496
0.0036337
0.0015689
0.0035873
0.0035834
0.003612
0.0030114
0.0034981
0.004073
0.0026371
0.0032464
0.0017812
0.0024026
0.0026064
0.0027925
0.0028181
0.0034224
0.0039492
0.0031574
0.00056299
0.0015312
0.0018231
0.00070601
0.00030439
0.00074836
0.0013321
0.00036734
0.00025089
0.0019717
0.0023706
0.00016833
0.00046084
0.0018605
0.0042637
0.00014502
0.0016335
0.003695
0.0034431
0.0019477
0.0023741
0.0044382
0.0025478
0.0012814
0.0014845
0.002615
0.0049127
0.0023028
0.0022012
0.0029997
0.0046513
0.0029521
0.00044576
0.00064234
0.00069757
0.00027859
0.00030838
0.00013494
7.4956e-05
0.00029431
0
0
0
0
0
0
0
0
1.8774e-05
0.00016828
8.7487e-05
0
0
0.0012495
0.00011656
1.2878e-05
0.00020068
0.00051822
0.00016867
9.458e-05
0.00010207
0.00047733
8.2234e-05
6.1536e-05
0.00069294
0.0005956
0.0010857
0.00047622
0.00036106
0.00029906
0.0010553
0.00082817
0.00059443
0.00027572
0.00053952
0.00038944
0.00060543
0.0002203
0
0.0003141
0
5.5186e-05
4.6891e-05
6.9592e-05
0.00068125
4.3678e-05
7.2213e-05
2.9385e-05
0.00027408
0.00088869
0.001314
0.00061641
0.00039102
0.00084777
0.0018631
9.9916e-05
5.7263e-05
7.8291e-05
0.00023853
0
1.3772e-05
0
0
4.9184e-05
0
0
0
0
0
0
0
0
0
0.00017555
6.2273e-05
0
3.1049e-05
0.0014583
0.0002954
4.0412e-05
0.00061552
0.00069389
0.00084722
0.0006996
0.00041672
0.00039878
0.00038476
0.0005674
0.00057977
0.00045516
0.00079543
0.00090408
0.00062816
0.00065974
0.0011583
0.00075589
0.00016156
9.9447e-05
0.00010254
0.00020652
0.00017566
0.00015587
0.00035242
0.00017404
3.4756e-05
0.00062242
0.0001517
7.0376e-05
0.00010267
0.00029402
0.00025343
0
0.00020916
0.0011744
0.0015124
0.00038146
0.00037233
0.0011918
0.0020022
0.00012608
3.2718e-05
0.00065487
0.00046069
6.2644e-05
1.2858e-05
0
0
0
0
0
1.9465e-05
0
0
0.00088876
0.00019167
2.1689e-05
0.00038048
0.00061806
0.00033439
0.000363
0.00036352
0.0008633
0.00031504
0.00054922
0.00065058
0.00080117
0.00086327
0.0014409
0.0013558
0.00048381
0.00080515
0.0015808
0.00094025
0.00061658
0.00089884
0.0010789
0.0010206
0.00074294
0.00058186
0.0010422
0.00073759
0.00052847
0.0007415
0.00041645
0.00079783
0.0010306
0.00091206
0.00098016
0.0001294
0.0005236
0.00026749
0.00013111
0.00048791
0.00026599
0.00011056
0.00021793
0.00016825
0.0018977
0.00098393
7.3164e-05
0.00048913
0.0016063
0.0011767
0
7.5936e-05
0.00050851
0.00031634
8.8522e-05
5.5494e-05
0.00029533
0.00017975
8.1364e-06
3.0694e-05
0.00038258
0
0.00010253
0.00020905
0.0015585
0.00052867
0
0.00090116
0.00057807
0.00068749
0.0009935
0.00064718
0.00040739
0.00025151
0.00099057
0.0014676
0.00079049
0.00070009
0.00095288
0.0011597
0.00067307
0.0007696
0.00073528
0.00058877
0.00063807
0.00070255
0.00089688
0.00048947
0.00053883
0.00069316
0.00085873
0.00088393
0.00072909
0.00075171
0.0010474
0.00086798
0.00073637
0.0009312
0.00098115
0.00027726
8.6711e-05
0.00035455
0.00044315
0.00037434
0.00026582
0.00074859
0.00053013
0.00033385
0.00044108
0.00065249
0.00041984
0
0.00020512
0.0004534
0.00017674
0.00014904
0.00010802
0.00016622
0.00013069
8.3483e-05
9.628e-05
9.0164e-05
7.8872e-05
0.00012133
0.00020047
0.00024784
0.00014901
0
0.00065486
0.00091465
2.0047e-05
0.0012067
0.0010034
0.00071992
0.00093442
0.00088105
0.00091197
0.00053988
0.00082105
0.0010488
0.0010298
0.00066868
0.00098399
0.0011471
0.0012805
0.00050071
0.0006911
0.00072268
0.00061658
0.001023
0.00057691
0.00069743
0.00064979
0.00070735
0.0007675
0.00072871
0.0006308
0.00072072
0.0011462
0.00073157
0.00073803
0.0009688
0.0011341
0.00025978
0.00029076
0.00057276
0.00047139
0.00036664
0.00071588
0.0010182
0.00088057
0.0003451
0.00093113
0.0010423
0.00057159
0.00024641
0.00055483
0.0010279
0.00023328
8.7306e-05
0.00016231
0.00014292
7.7468e-06
2.9875e-05
0.00010096
5.1885e-05
4.4241e-05
2.2207e-05
8.6048e-05
0.00011541
5.7085e-05
3.8434e-05
0.00036732
0.00152
4.7014e-05
0.00068426
0.0012146
0.00084027
0.00069973
0.0012942
0.0012154
0.00065922
0.00068079
0.00098617
0.00098337
0.00072719
0.00061882
0.0010283
0.0011073
0.00060593
0.0010358
0.00082959
0.00095366
0.0011932
0.00083166
0.00062523
0.0010355
0.00082311
0.00075196
0.00070541
0.00079923
0.00078465
0.00079283
0.0011286
0.00087447
0.00079532
0.00057583
8.7307e-05
0.00068177
0.00052825
0.00038207
0.00059125
0.001094
0.0011668
0.00056686
0.00013058
0.00043779
0.00063782
0.00012667
2.8104e-05
9.2565e-05
0.00025233
8.9818e-05
0
0
0
0
0
0
0
0
0
8.9514e-05
5.276e-05
0
4.1478e-06
0.00034065
0.0014516
3.7099e-07
0.00024306
0.0011764
0.0010407
0.00016833
0.00044116
0.0010408
0.00069217
0.00014465
0.00067205
0.0015769
0.00090704
0.0010124
0.0010705
0.0013713
0.00063366
0.00049477
0.00067048
0.00060284
0.0011014
0.00050385
0.00084086
0.0014379
0.00087914
0.00059255
0.00053484
0.00128
0.0012943
0.00055094
0.0010765
0.00094716
0.0011576
0.00078157
0.00050068
0.0005505
0.00068391
0.00034951
0.00045921
0.0011473
0.0016207
0.0004997
0.00026292
0.00045778
0.00037188
0.00020602
0.00019444
6.1171e-05
1.3625e-05
0.00016379
0
0
0
0
0
0
0
0
0
0
0
0
0
0
0.0013397
0
7.826e-06
0.0007057
0.0012772
0
1.5539e-05
0.00047904
0.00078035
0
6.8407e-06
0.00073877
0.00032161
8.8662e-05
0.0001148
0.00054407
0.000336
5.4465e-05
0.00028417
0.00077641
0.001113
0.00034279
0.00034792
0.001085
0.000699
0.00013959
0.00016057
0.00046147
0.0016561
0.00067216
0.00037722
0.00047051
0.00099545
0.00056727
0.00028845
0.00032302
0.0012784
0.00073019
0.00028827
0.00043483
0.00087758
0.0011036
0.00018284
0.00018456
0.00032569
7.2568e-05
0.00011394
7.3772e-05
6.1331e-05
0.00013052
0
0
0
0
0
0
0
0
