0.029527
0.041276
0.033905
0.016888
0.03069
0.041916
0.039849
0.015965
0.017083
0.010071
0.0027802
0.0058875
0.019364
0.013775
0.0031377
0.0043963
0.0013113
0.0037
0.0034207
0.0022699
0.0023627
0.0020628
0.002826
0.001305
0.0091042
0.024894
0.015298
0.0041257
0.0077763
0.0237
0.021736
0.0045583
0.0020284
0.0026111
0.012405
0.0046054
0.0011872
0.0023778
0.01215
0.0057051
0.0015547
0.00046665
5.3857e-05
0.00062954
0.0013734
0.00080867
8.2363e-05
0.00078358
0.0029964
0.00063754
0.00043214
0.0025617
0.0033348
0.0012528
0.00061713
0.00092221
0.00021917
0.00049225
0.00017684
0.00082568
0.0014549
0.00065337
0.0003381
0.00010049
0.00033807
0.0007768
0.00064199
0.00045399
0.00028601
0.00037288
0.00068652
0.00024262
0.0062943
0.0037594
0.0011882
0.0013499
0.007215
0.0057916
0.0008393
0.0013343
0.006238
0.0052078
0.001106
0.0013464
0.007441
0.0059223
0.0015989
0.0013562
0.0006413
0.0022382
0.0021757
0.00080351
0.00040507
0.00076162
0.00094598
0.00068597
0.00011276
0.00019274
0.00042612
0.00018667
0.00021671
0.00027497
0.00085543
0.00027591
0.0054041
0.0076992
0.0015046
0.0012917
0.0050936
0.008425
0.0016858
0.0014384
0.00179
0.0084222
0.0063691
0.0015756
0.0017503
0.0079311
0.0092524
0.0010693
0.00043387
0.00064334
0.0027139
0.0009022
0.00030088
0.00087347
0.002891
0.0012456
0.00042054
0.00049615
0.0025115
0.00090816
0.00037088
0.00056911
0.0014611
0.00063388
0.0010638
0.0031693
0.0007083
0.00016368
0.00028609
0.0036767
0.001857
0.00028117
0.00084626
0.0056031
0.0067162
0.0010946
0.0006463
0.0036676
0.0089404
0.0017694
0.00065064
0.0012826
0.0063079
0.0023299
0.00051044
0.00077009
0.007083
0.0031346
0.00052333
0.00018905
0.00087215
0.00046511
5.0054e-06
0.00016513
0.00071446
0.0006911
0
0
0
0
0
0
0
0
0
0
0
0
0
0
0
0
0
0
0
0
0
0
0
0
0
0
0
0
0
0
0
0
0
0
0
0
0
0
0
0
0
4.9628e-05
7.2973e-05
9.4204e-05
0.00063387
0.00016643
3.1388e-05
9.6359e-06
0.00013165
4.7446e-05
4.3093e-05
0.00011756
0.0001555
3.8876e-05
0.0001521
0.00016736
4.5726e-06
7.3628e-05
0.00019687
0.00010696
1.3799e-05
6.9514e-05
0.00014962
5.8501e-05
0
0
0
0
0
0
0
0
0.0014953
0.00046665
5.3857e-05
0.00062954
0.0013481
0.00073411
8.2363e-05
0.00078358
0.0026545
0.00051198
0.00039465
0.0015694
0.002538
0.00087067
0.00050676
0.00078666
0.00034196
3.1425e-05
3.7488e-05
0.00099229
0.00079674
0.00036392
0.00011037
0.00013555
0.00018825
0.00030102
9.8651e-05
0.00064354
0.00043944
0.00016966
4.8885e-05
5.9304e-05
3.0922e-05
8.8314e-05
5.2168e-06
8.7927e-05
0.00038164
0.00026753
0.00025783
3.1551e-05
0.00018982
0.00059419
0.00022335
0.00018802
9.4594e-05
0.00021186
0.00013262
0
1.2023e-05
3.0631e-05
0.00017868
4.1448e-05
2.212e-05
5.2628e-05
0.00023935
1.6767e-05
0.00055556
0
2.5822e-05
2.7722e-05
0.00069196
0.00061013
8.2664e-05
0.00021465
0.002766
0.0012742
0.00060371
0.00056002
0.0022677
0.0016612
6.3545e-05
0.00027079
0.0024817
0.001094
0.00035769
0.00052731
0.0024116
0.0012954
0.00033195
0.00047957
0.0015517
0.00055039
0.0001011
0.00021147
0.001986
0.00094764
0.00040416
0.00035485
0.00021042
0.00056475
0.00042713
0.00030292
0.00011744
3.7058e-05
0
0.00018792
0.00029414
0.0010453
0.00086974
0.00019519
0.00017593
0.00069486
0.00083234
0.00030777
2.5533e-05
8.0657e-05
7.3946e-05
0
0
0
3.3954e-05
1.9209e-05
3.3335e-05
8.6176e-05
0.0001791
7.4126e-05
0.00015206
7.3448e-05
0.00026218
9.5256e-05
0.0012258
0.00075395
0.00011394
0.00027434
0.0016953
0.00147
0.00026515
0.00036887
0.001575
0.0016932
0.00044472
0.00043945
0.0022278
0.0019272
0.00042794
0.00047999
0.0016058
0.0030522
0.00029086
0.0003344
0.0025531
0.0027471
0.00038577
0.00024475
0.00058333
0.00043916
0.00027897
0.00023327
0.00049036
0.0005278
0.00044189
0.00026378
4.2086e-05
6.9876e-06
1.8805e-05
7.9802e-06
2.778e-05
5.9586e-05
4.251e-05
0.00014017
9.4657e-05
0.00067444
0.00082662
0.00029742
8.3914e-05
1.9875e-05
3.9366e-05
5.0117e-05
1.5061e-05
1.5765e-05
5.9407e-05
9.6895e-05
3.5766e-05
0.0001009
0.00021092
9.0451e-05
3.8826e-05
4.1044e-05
3.1061e-05
1.565e-05
0
0.00010063
0.00036121
2.8705e-05
0.0017196
0.00092643
0.0003119
0.00057404
0.0013088
0.0012142
0.00016094
0.00075492
0.001906
0.0021186
0.00038171
0.00045699
0.0014449
0.0030191
0.00060281
0.00014264
0.00076345
0.0025961
0.0009534
0.00060422
0.00056915
0.0032754
0.00091518
0.00037264
0.00036475
0.00088436
0.000709
0.00028281
0.00042335
0.001515
0.0014501
0.00010918
0
0
0
4.7091e-05
9.4351e-05
0.00020729
0.00012285
3.3187e-05
4.1189e-05
0.00017434
0.00063572
9.6214e-05
3.8672e-05
0
0
6.4313e-05
1.2003e-05
5.8154e-05
0.00036967
0.00012759
2.8877e-05
0.00012079
0.0003633
0.00010385
0
6.3049e-05
0.00052719
0.00018012
6.9131e-05
0.00019334
0.00028057
0.00016377
0.00067908
0.0013189
0.00015121
0.00015089
0.0010911
0.0014971
0.00038828
0.00030404
0.0011832
0.0031449
0.00060341
0.00014544
0.0013852
0.0026953
0.00046218
0.00018114
0.00056208
0.003006
0.0014854
0.00020198
0.00053677
0.0020242
0.0025448
0.00019516
8.9681e-05
0.0015035
0.0029408
0.00042967
0.00015014
0.0011277
0.003842
0.00040559
0.00035894
0.00038524
0.001674
0.00066441
0.00016353
0.00051736
0.0020871
0.00098727
3.3744e-05
8.3763e-05
0.0001442
8.0022e-06
4.3279e-06
7.1307e-05
0.00029749
0.00016079
0.00024881
0.00015084
0.00080318
0.00032178
0.00022721
0.00014341
0.0003617
0.00024838
0.00013568
0.00022411
0.00073883
0.00021984
5.1005e-05
0.00011156
0.00039614
0.00016016
0.00032494
0.00019339
4.4358e-05
0
1.8846e-05
0.0010868
0.00033621
0.00014551
0.00063666
0.0027676
0.00072029
0.00011239
0.00048833
0.0025969
0.00092565
0.00016035
0.00021217
0.0028593
0.0019354
0.00026494
0.00021015
0.0016986
0.0030657
0.00022149
0.00024228
0.0011784
0.0033358
0.00047756
0.00020242
0.00092002
0.0038684
0.00046854
0.00014606
0.00040675
0.0022003
0.0011178
0.00023463
0.00033013
0.0031785
0.00087787
8.7495e-05
0.0002603
0.0025258
0.00078912
8.9385e-05
0.00015867
0.0024817
0.0011632
0.00036876
7.539e-05
0.00074055
0.00044824
2.3531e-05
4.5691e-05
0.00057381
0.00044035
7.1009e-05
7.9758e-05
8.5589e-05
1.1631e-05
0
0.00011944
0.000105
7.4263e-06
0
0
0
0
0
0
0
0
0.00024988
0.00043662
0
6.4071e-05
0
0.0001898
0.00066682
3.0943e-05
0.00016241
0.0015711
0.00038404
0.00017409
0.00017293
0.0012945
0.0010016
0.00050441
0.00025489
0.00059267
0.0014189
0.0002749
0.00013174
0.00016583
0.0015401
0.00057501
0.00025089
0.00034616
0.0011856
0.000445
0.00011846
0.00011826
0.0012331
0.00056768
0.0001662
0.00024782
0.00067834
6.445e-05
6.7963e-05
0.00024055
0.00057031
0.00052587
8.9791e-05
3.3907e-05
0.00020123
6.4064e-05
5.0054e-06
0
9.5052e-05
0.00022859
1.7811e-05
0
0
0
0
0
0
1.4734e-05
