0.026488
0.032601
0.039855
0.027368
0.025329
0.033938
0.037477
0.027101
0.0098166
0.0061156
0.0054684
0.0097245
0.01032
0.0061045
0.0054676
0.0086144
0.0026223
0.004996
0.0069
0.0049888
0.0025236
0.0034362
0.0048696
0.0037012
0.010339
0.015223
0.0092728
0.0041748
0.0092716
0.016171
0.011158
0.0048623
0.0037096
0.0062654
0.018214
0.0084798
0.0032131
0.0082263
0.015982
0.0099227
2.4759e-05
0
0
0.00026937
0.00012332
0
3.7015e-05
0.00010076
0.0014672
0.0010981
0.0024224
0.0036303
0.0012461
0.0010689
0.0026021
0.0036712
0.00081052
0.0011582
0.0033723
0.0034156
0.00073491
0.0011928
0.0026305
0.0026588
0.00041293
0.00081011
0.00024753
0.00048011
0.00057949
0.00016654
0.00017294
0.00010401
0.0032674
0.00095272
0.00070549
0.0020002
0.0041731
0.0015717
0.0011115
0.0020938
0.0049452
0.0039843
0.0022597
0.0035934
0.004737
0.0033754
0.0014725
0.0026075
0.00094264
0.001888
0.002336
0.0010604
0.00084054
0.0018906
0.0021584
0.0010677
0.00056826
0.0012201
0.0010248
0.00026402
0.00040954
0.00027471
0.00015219
1.1783e-05
0.0049261
0.0033982
0.00085981
0.0011343
0.0039991
0.0051032
0.0017156
0.0015533
0.0034887
0.0065019
0.0039095
0.0012673
0.0036841
0.0068413
0.0035011
0.0017121
0.0012805
0.0030045
0.00848
0.0035646
0.0012674
0.0039465
0.0069073
0.0034718
0.0003214
0.00046364
0.0021926
0.0015304
0.00041082
0.00092739
0.0019377
0.0016916
0.00051967
0.0013153
0.00077378
0.00075088
0.00019527
0.0010488
0.0010147
0.00028153
0.0014046
0.0033423
0.00348
0.00092176
0.0013265
0.0030029
0.0046055
0.0012157
0.0014919
0.0027833
0.005884
0.0024593
0.0012675
0.0022477
0.0060381
0.0038578
0.00061585
0.00067984
0.0019069
0.0010262
0.00033403
0.0012793
0.0014201
0.0010011
0
0
0
0
0
0
0
0
1.1324e-05
0
0
0
0
0
0
5.8897e-05
2.4466e-05
0
0
0
0
0
0
0.00023216
0.00014358
6.1135e-05
0.00036896
0.00055939
4.5934e-05
8.4783e-05
0.00055888
0.00064452
0.00037634
0.00026937
0.0008674
0.00076788
0.0002407
0.00026938
0.00060412
0.00072825
9.1349e-05
0.00010358
0.00035245
0.00037802
2.7091e-05
0.00014542
9.9164e-05
0.00029877
0.0002113
0.0004755
5.5476e-05
0.00018326
0
0
8.6385e-05
2.8056e-05
0.00014455
2.6124e-05
0
0.0001163
0
2.4009e-05
5.1243e-05
3.5964e-05
0
0
0
0
0
0
0
0
0
0
0
0
6.874e-05
0
3.7015e-05
4.1865e-05
0.00044142
0.0001793
0.0003957
0.0009103
0.00071077
0.00041899
0.00059097
0.0010368
0.00078556
0.00068454
0.0015397
0.0018494
0.00046886
0.00041707
0.0010526
0.0013357
0.00030076
0.00062574
0.0015793
0.0015188
0.00038642
0.00054403
0.0014154
0.0016661
0.00012766
0.0001392
0.00069118
0.00092108
1.829e-05
0.00038201
0.0006376
0.0002679
0
0.00020139
5.1102e-05
0.00018393
0.000535
5.0696e-05
0
2.3611e-05
4.0338e-05
0.00012404
0.00011703
5.3628e-05
6.8184e-05
8.2802e-05
0.0001128
2.9397e-05
6.9775e-05
0
0
0
0
0
0
0.00023408
0.00045984
0.00024996
0.00017461
0.00084131
0.0012092
0.00025733
0.00037278
0.0007958
0.0018227
0.00064769
0.00049319
0.0012225
0.0011638
0.00040281
0.00042023
0.00080491
0.00076742
0.0005434
0.00071618
0.0011205
0.0011619
0.00028923
0.00045419
0.00075625
0.00066627
0.00063241
0.00041268
0.00051105
0.00028831
0.00038116
0.00032161
0.00039087
9.3782e-05
0.00048894
0.00066755
3.6045e-05
0.00010321
0.00060551
0.00048686
5.4224e-06
9.6004e-05
0.00022526
0.00027196
0.00016383
0.0003252
0.00031165
0.00015921
1.1783e-05
4.7378e-05
0.00037166
0.00010817
5.2443e-05
3.9053e-05
0
0
0
1.4712e-05
0
3.6887e-05
0.00070407
0.00048823
0.00028315
0.00023629
0.00078527
0.0023373
0.00064602
0.00041808
0.00054602
0.0022353
0.00082802
0.00039601
0.00020626
0.0014022
0.0010442
0.00031303
0.00053884
0.0012427
0.0011199
0.00022211
0.00048265
0.0007858
0.0016258
0.00059084
0.00053324
0.0010247
0.0011862
0.00033909
0.00049804
0.00025953
0.00068453
0.00054847
0.00039913
0.00041982
0.00075574
0.00050429
0.00049169
7.2181e-05
9.452e-05
0.00053423
0.00032743
8.4892e-05
0.00024684
0.00063887
0.00032167
0.00044162
0.00056374
0.00050263
6.0758e-05
6.7373e-05
9.8804e-05
7.8801e-05
0
0
5.9438e-05
0
0
0
0
0
0
0.00095435
0.00024102
6.2208e-05
0.00014132
0.0012253
0.00081003
0.00020536
0.00040421
0.0016603
0.001272
0.0003757
0.00061278
0.001171
0.0018199
0.00037204
0.00043974
0.0011054
0.00092578
0.00047665
0.00034868
0.00095799
0.0014852
0.00037021
0.00060913
0.00071189
0.0019717
0.0013779
0.0002215
0.0010094
0.0021645
0.00067978
0.00021287
0.00024081
0.00086035
0.0018993
0.00064883
0.00034609
0.0012134
0.0020094
0.00034894
0.00015699
0.00035511
0.0017428
0.00085027
0.00022914
0.00034642
0.0013606
0.0014098
9.1401e-05
0.00011469
0.0012241
0.00027435
5.5446e-05
0.00023771
0.00053
0.00038798
0
0
0
0
0
9.2551e-05
0.00016775
0
0.00086874
0.00032264
0
2.1271e-05
0.00079261
0.0010771
0.00063687
0.00021758
0.0012027
0.0012679
0.00041403
0.00038967
0.00087372
0.0012727
0.0004815
0.00033716
0.0010694
0.001432
0.00054446
0.00034615
0.00099298
0.0011572
0.00043656
0.00030312
0.00067589
0.0017112
0.0012921
0.00030763
0.00072897
0.0017242
0.0013939
0.0005422
0.00044675
0.0016884
0.0017354
0.00055107
0.00053445
0.0013711
0.0019424
0.00046156
0.00040833
0.00030925
0.0029168
0.0011401
0.00020501
0.00063917
0.0014496
0.00087626
0.00018572
0.0003234
0.0010838
0.0016065
0.00045544
0.00032888
0.0010651
0.0011864
0
0
1.1748e-05
2.2052e-05
0
0.00043696
0.00039685
0
0.0002555
0
1.1658e-05
0.00016912
2.691e-05
9.966e-05
0
0
0.0005241
0.0010742
0.00042443
0.0005208
0.00018546
0.00089851
0.0010165
0.00032557
0.00057492
0.0016107
0.0014133
0.00022155
0.00054723
0.0011441
0.0010199
0.0005544
0.00062141
0.0010346
0.001223
0.00030354
0.00056532
0.001256
0.0016101
0.00034035
0.00043504
0.0013213
0.0017492
0.00074467
0.00026595
0.000912
0.0018334
0.0010662
0.00057852
0.00099289
0.0025768
0.00059144
0.0004187
0.00087849
0.0018293
0.00085843
0.00037212
0.00045865
0.0011459
0.00074966
0.00031368
0.00033155
0.0017304
0.0012226
0
0.00013369
7.5973e-05
0
0
0.00068005
0.00025833
0
0
0
0
0
0
0
0
0
0
0.00042356
0.00030825
7.6369e-05
0
0
0
0
0.00013964
0.00015647
0.0002719
0.0001263
0.0001441
0.00060911
0.00070409
0.000142
0.00017834
0.00059141
0.00071304
0.00020262
7.8691e-05
0.00049465
0.0013136
0.00021317
0.00024402
0.00036282
0.00092584
0.0005351
0.00026364
0.00023359
0.0012906
0.00071282
0.00032507
0.00046147
0.0011644
0.00049989
0.00027732
0.00056996
0.0010779
0.00091464
0.00033905
0.00028933
0.00079861
0.00056225
0.00018919
0.00028369
0.00032356
0.00067496
0
0
0
0
0
0.00016705
5.2559e-05
0
