0.033855
0.035009
0.027553
0.027248
0.034778
0.036166
0.031204
0.024794
0.010505
0.0079784
0.0068287
0.0091733
0.011922
0.0078854
0.0075878
0.0088596
0.0037168
0.0051997
0.0038869
0.0046842
0.0049726
0.0046801
0.0036594
0.0024139
0.013924
0.015421
0.0090703
0.007441
0.012945
0.017728
0.011163
0.0071306
0.0057095
0.0064101
0.0077669
0.0059495
0.0049392
0.0058731
0.0087941
0.0063904
0
0
8.6447e-05
0
0.00028841
0.00020886
0.00012172
6.7382e-05
0.0017367
0.00094282
0.0031119
0.0037444
0.0021321
0.0016371
0.0025852
0.0021839
0.00064433
0.00052566
0.00051742
0.0016494
0.0013187
0.0012942
0.00072116
0.00027018
0.0010072
0.0013407
0.001165
0.0012198
0.001056
0.0009496
0.00071911
0.00075704
0.0024764
0.0012566
0.0013318
0.0031938
0.003463
0.0020127
0.0014236
0.0026689
0.0058811
0.0056554
0.0021183
0.0021256
0.0056545
0.0039072
0.0032981
0.0039394
0.00081864
0.00023872
0.00041478
0.00078386
0.00069768
0.00095164
0.00090089
0.00023908
0.0012466
0.003027
0.0017897
0.0010312
0.0019002
0.0014846
0.0012065
0.001053
0.0059256
0.0041461
0.001691
0.0025946
0.0058221
0.0053949
0.0028231
0.0022632
0.0042952
0.0060344
0.0040344
0.0023843
0.0043303
0.0062902
0.0036873
0.001979
0.0013097
0.0018627
0.0016651
0.0011108
0.001947
0.0017249
0.0028243
0.0014345
0.0017051
0.0012341
0.0014362
0.0010044
0.0012128
0.0013894
0.0015013
0.0016881
0.0015626
0.0016995
0.00073678
0.00053863
0.0010293
0.0023908
0.0014235
0.00060328
0.0024265
0.0036361
0.0027884
0.0019983
0.0021469
0.0036917
0.0032886
0.0022851
0.0012961
0.0022736
0.0018101
0.0012914
0.0011044
0.0017698
0.0030235
0.001453
0.0012552
0.00094775
0.0028556
0.0024054
0.00066072
0.00092602
0.001405
0.0017286
0
0
0
0
0
0
0
0
0
0
0
0
0
0
0
0
0
0
0
0.00016883
0.00012538
0
0.00011623
0.0002676
0.00027897
9.4867e-05
0.00095953
0.00082207
0.00027828
0.00011887
0.00031097
3.7484e-05
0
0
0
0.000981
0.00036807
9.7545e-05
0
0
0
0
4.2101e-05
0.00038626
0.00074695
0.00019436
7.2413e-05
0
0
1.4702e-05
0.00026549
0.00043508
0.00024831
0.00020732
2.0018e-05
0.00017374
0.00019866
0.00016549
0.00031249
0.00031917
0.00018615
0.00036863
0.00033755
0.00022706
0
0
0
0
0
0
0
0
0
0
8.6447e-05
0
0.00028841
0.00020886
0.00012172
6.7382e-05
0.00050539
0.00020001
0.00056812
0.0013915
0.0010892
0.00061864
0.00088114
0.00063545
0.0009523
0.00064794
0.0015843
0.0013619
0.00063932
0.00089963
0.0012769
0.0012434
4.8691e-05
0
7.4443e-05
2.9299e-05
1.796e-05
0.00038761
0.00033608
0.00017431
0.00059563
0.00052566
0.00040087
0.00025285
0.00018572
0.00061467
0.00031267
9.5871e-05
0.00045336
0.0010208
0.00029462
0.00028076
0.00016611
4.1408e-05
0.00015793
6.5232e-05
0.00035521
0.00013972
0.0002924
0.00018477
0.00045543
0.00033223
0.00020361
0.00029101
0
0
0
0
0
0
9.3281e-05
5.5803e-05
0.00054579
0.00043169
0.00057668
0.0016403
0.0010638
0.00058466
0.0005813
0.001232
0.0023725
0.0013922
0.00061041
0.00064271
0.0020492
0.00070869
0.00090997
0.0018879
0.00061132
0.00049388
0.00028002
0.00045101
0.0009779
0.00073046
0.00046529
0.0006422
0.00041331
6.2377e-06
4.0367e-06
0.00010852
0.00030835
0.000371
0.0002718
0.00011755
0.00010439
0.00014321
0.00031203
0.00051136
0.00014709
9.802e-05
0.00019633
2.98e-05
0.00028654
0.0011234
0.00061733
0.00033432
0.00064078
0.00056094
0.00037286
0.00025262
0.00026075
0.00039365
0.00074902
0.00020128
0.00046117
0.00039045
0.00051761
0.00031096
1.4826e-05
3.0087e-05
0
0.00041005
0.00069351
0.00034675
0.00043329
0.00026599
0.0019158
0.00079481
0.00075513
0.0011435
0.0017056
0.0010813
0.00031569
0.0011151
0.0019613
0.0017624
0.00067996
0.0005501
0.0022077
0.0012097
0.00077627
0.00047697
0.00093595
0.002007
0.00054793
0.00048179
0.00041971
0.0012583
0.0011465
0.0009323
0.00025989
0
0
7.9765e-05
0.00024223
0.00048262
0.00043275
9.173e-05
4.1051e-05
8.9275e-05
9.8719e-05
8.4222e-05
0
0
0
0
0.00046806
0.0006243
0.00018203
0.00012985
0.00048336
0.00022479
7.4556e-05
0.00012494
0.00023125
0.00088567
0.0002413
0.00036572
0.00031488
0.00030848
0.00024147
0.0003645
0.0011578
0.0002663
0.00040344
0.00085972
0.0013447
0.001021
0.00072649
0.0006063
0.0016834
0.0014771
0.00055793
0.00079529
0.0017427
0.0013587
0.00066606
0.00044661
0.0018308
0.0011955
0.00060698
0.00045519
0.0012541
0.0019308
0.00053307
0.000409
0.00057266
0.0017933
0.0014366
0.00081106
0.00098542
0.001034
0.0017118
0.00045102
0.00040447
0.00024025
3.5884e-05
0.00028382
0.00070933
0.00085868
0.0012798
0.00040677
4.7385e-05
0.00024119
0.00056678
9.9161e-05
0
0
4.7961e-05
6.6745e-05
0.00065637
0.00028676
0.00031649
0.00025393
0.00039556
0.00053158
0.00046554
0.00036826
0.00028258
0.00015195
0.00018034
0.00016499
8.4478e-05
0.00030185
0.00023125
0.00025592
0.0014064
0.00069936
0.00022471
0.00042937
0.0012044
0.0016456
0.00075981
0.00075812
0.001678
0.0017033
0.00050488
0.00051026
0.0015302
0.0013695
0.00067072
0.00045216
0.0011116
0.0018741
0.0010242
0.00060189
0.0015163
0.0017867
0.00053573
0.00065594
0.00078018
0.0011716
0.00096667
0.00051612
0.00057451
0.0015387
0.00090668
0.00046309
2.6334e-05
0.00054721
0.00045785
0.00051315
0.00074206
0.00072946
0.0014965
0.00054477
0.00083146
0.00083403
0.00060456
0.00021469
0.00049561
0.00013676
0
0.00041626
0.00035869
0.00042926
0.00058658
0.00019275
0.00039901
0.00010905
0.0003326
0.00064076
0.00040745
0.00036608
0.00035276
0.00039276
0.00033379
0.00044696
0.00047191
0.00042311
0.00040434
8.114e-05
4.2188e-05
1.8828e-05
6.1027e-05
0.00058315
0.00017205
4.719e-05
0.0010312
0.0011031
0.00053105
0.00043935
0.00068423
0.001003
0.00098008
0.00055609
0.00089528
0.0015966
0.00093198
0.00050774
0.00085072
0.001443
0.00096837
0.00074391
0.00045559
0.0013834
0.0015024
0.00059826
0.00074206
0.0014099
0.0010375
0.00083011
0.00010021
0.00051175
0.00059722
0.00036944
0.00023718
0.00082356
0.0012466
0.00018045
0.00017839
0.00064079
0.00027927
0.00048496
0.00011534
6.3889e-05
0.00025416
0.0001976
6.6869e-05
0.00010661
0.00091055
0.00099092
1.2647e-05
0.00015181
0.00011657
2.2185e-05
2.6408e-05
7.0332e-05
1.959e-05
1.2165e-05
0.00022306
0
0.00013616
9.1479e-05
2.9052e-05
0.00018227
0
0
0.00016092
0.00062599
3.4029e-05
0
9.799e-05
0.00033299
0.00016355
8.0447e-05
0.00012309
0.00017871
0.00023734
0
0.00059575
0.00033124
0.00014768
0.00038383
4.8501e-05
5.6877e-05
0.00060975
0.00035583
0.00047989
0.00032488
0.00020628
0.00050846
0.00050558
0.00078192
0.00067295
0.00035522
0.00054837
0.00042795
0.00020116
9.9943e-05
0
0.00026512
0.00058332
0.00043357
0.0004691
0.00069311
0.00073247
0.00033709
0.00075183
0.00061725
0.00093947
0.0006414
0.00097859
0.00069355
0.00078692
0.0006482
0.00038396
0.0005686
0.0011523
0.0014522
0.00018337
7.7261e-05
0.0011385
0.00075408
4.1058e-05
0.0002056
0
0.00016283
