0.0086557
0.033027
0.055413
0.015519
0.013536
0.044891
0.06368
0.016439
0.0030852
0.010425
0.0083679
0.0024204
0.0059421
0.015755
0.009399
0.0027909
0.0018486
0.0039602
0.006842
0.0023184
0.0021443
0.0056335
0.0064773
0.0031402
0.0018683
0.012763
0.020873
0.0044153
0.0026934
0.016297
0.032064
0.0050995
0.0018536
0.0058792
0.019331
0.006365
0.0027567
0.0072059
0.015739
0.005408
0.00013712
3.6138e-05
2.243e-05
6.9524e-05
3.67e-05
2.4162e-05
0
6.0374e-05
0.00065194
0.00095946
0.0011729
0.0010006
0.0010853
0.0014866
0.0010418
0.00067543
0.00011752
0.00038859
0.00031694
0.00023556
0.00021013
0.00086093
0.00028031
0.00016508
0.00046854
0.00064504
0.00044905
0.00023716
0.00067383
0.0013787
0.00056696
0.00042975
0.00085363
0.0037251
0.0014628
0.00014438
0.0017265
0.0041537
0.00087186
0.00026503
0.0014425
0.005689
0.0054021
0.0011803
0.0030936
0.0098922
0.0072062
0.0016507
0.00050003
0.0012173
0.0049851
0.0014632
0.00024022
0.0016981
0.0041261
0.0018316
0.0006809
0.0016259
0.0012579
0.0003683
0.00091361
0.0017742
0.0017283
0.00082701
0.0005424
0.0049499
0.0044405
0.00043537
0.0009193
0.0069416
0.004901
0.00037422
0.00078725
0.0057219
0.007834
0.00059918
0.00068294
0.0076039
0.015941
0.0016393
0.00071442
0.0015784
0.01233
0.0028836
0.0008823
0.0021874
0.0092404
0.0030912
0.00020502
0.00159
0.001565
0.00051303
0.00025419
0.0013574
0.0021194
0.00050999
0.00011496
0.00035369
0.0024603
0.00098571
0.00017879
0.00023849
0.0023985
0.00056224
0.00036273
0.0017374
0.0057239
0.0023733
0.00087685
0.0014109
0.0083492
0.0024337
0.00061603
0.001632
0.0051303
0.0022458
0.00092254
0.0016261
0.0044184
0.0013957
0.00037914
0.00087254
0.00065936
0.00074436
0.00072283
0.0016798
0.00039
0.00048905
0
0
0
0
0
0
0
0
0
0
0
0
0
0
0
0
8.9226e-05
9.097e-05
2.1616e-05
3.5489e-05
0.00013672
0
0
0
0.00011959
9.669e-05
4.5735e-05
3.7881e-05
8.2894e-05
0.00017416
9.568e-05
4.7142e-05
0
0
0
0
0
0
2.2488e-05
0
4.641e-05
0.00033833
3.8685e-05
4.8164e-05
0.00014806
0.00062786
0.00016641
4.9671e-05
2.6237e-05
4.253e-05
3.761e-05
0
3.7688e-05
4.273e-05
3.1487e-05
3.1392e-05
0
0
6.8288e-05
1.3613e-05
0
0
1.8223e-05
2.6877e-05
0
0
0
0
0
0
0
0
0.00013712
3.6138e-05
2.243e-05
5.0553e-05
0
2.4162e-05
0
4.8108e-05
0.00019452
0.00032255
0.0005043
7.1901e-05
0.00027001
0.00046745
0.00012596
0.00010701
0.0002486
0.00044926
0.00049266
0.00082576
0.00063244
0.000845
0.00079764
0.00051911
8.866e-06
0
0.00017148
0.00010914
0
5.4983e-05
5.7797e-05
3.1605e-05
3.3049e-05
4.4673e-05
0.00016565
9.4761e-05
2.4953e-06
0.00017809
3.297e-05
3.1717e-05
0.00041632
0.00052788
0.00025959
0.00017495
0.0006137
0.00083655
0.00026555
0.00033325
3.8787e-05
8.0214e-05
6.3279e-05
6.9084e-05
8.2015e-05
0.00048465
0.00027483
5.5954e-05
0
0
0
0
0
0
0
0
0.00027238
0.001682
0.0001837
3.1888e-05
0.00099332
0.0012698
0.00016091
1.6374e-05
0.00073969
0.0022278
0.00033879
9.6969e-05
0.0015123
0.0037462
0.00078574
0.00016186
0.0003088
0.00091738
0.00082585
0.0004046
0.00082594
0.0015026
0.0013304
0.00026493
0.00010959
0.00037805
0.00064982
0.00022668
2.1108e-05
0.0007418
0.00066927
0.0003676
4.0518e-05
0.00017695
0.00011339
6.8594e-05
1.5387e-05
0.00016082
6.7061e-05
4.5898e-05
8.0557e-05
0.00050876
0.00037171
4.6651e-05
5.4592e-05
9.6821e-05
3.8644e-05
0
0.0001493
0.00032113
0.00020233
0.00012417
0.00021108
0.00061765
0.00049882
0.00031092
6.5167e-05
0.00038217
5.5649e-05
1.2357e-05
3.0881e-05
0.00046926
4.7344e-06
3.6187e-05
0.0004716
0.0014645
0.0012234
9.2314e-05
0.00055263
0.0022667
0.00036971
0.00021247
0.00025989
0.0020106
0.0013213
0.00025268
0.0007318
0.0037008
0.0019305
0.00014875
8.2553e-05
0.00066909
0.0026193
0.00028928
0.00017314
0.00081286
0.0033194
0.0009276
0.00028847
0.00036568
0.0031331
0.0010095
7.3484e-05
0.00056394
0.0024503
0.0011411
0.00011687
0.00024969
0.0012337
0.0002659
7.5653e-05
0.00045352
0.0010776
0.00042459
3.315e-05
0.00030316
0.00038574
0
3.7348e-05
0.00010162
4.1583e-05
0
0.00032587
0.00047949
0.00038472
0.00015374
0.00055638
0.0008564
0.0011333
0.00042709
6.2848e-05
0.00098227
0.00027399
4.2698e-05
8.3966e-05
0.00049225
0.00017479
4.0046e-05
0.00034392
0.0022856
0.0011709
0.00013322
0.00071827
0.0034577
0.0013432
0.00011056
0.00031829
0.0013261
0.0015583
0.00013127
0.00016872
0.0029144
0.0038042
0.00011221
5.6452e-05
0.0012678
0.0026954
0.00020683
5.0997e-05
0.0013752
0.0043941
0.00036063
0.00029099
0.00032961
0.0035693
0.0006097
0.00019277
0.00067508
0.0032821
0.00061733
3.5924e-05
0.000232
0.0038614
0.0011209
9.8087e-05
0.00037996
0.0017707
0.00086252
7.497e-05
0.0010635
0.00059884
0.00018105
0.00015025
0.00058026
0.00079651
0.00016398
7.624e-05
0.00016367
0.00010174
0.00012375
0.00010893
0.00043695
0.00038876
7.3299e-05
2.2994e-05
0.00036086
0.0013342
0.00010541
4.9558e-05
0.00055339
0.0010554
0.00019193
0.00011264
0.0013212
0.0015988
0.00015404
6.7505e-05
0.0021789
0.0020499
3.1692e-05
0.0001941
0.0011903
0.001609
0.00014954
0.00025561
0.0018881
0.0040673
0.00060175
0.00015799
0.0017936
0.0014076
7.2219e-05
0.00020762
0.0016704
0.0036462
0.00056475
0.00020613
0.00045741
0.0025965
0.00025895
0.00018441
0.0004414
0.0027004
0.00069953
0.00017684
0.00025119
0.0024205
0.00064421
0.00029052
0.00058427
0.0011862
0.00074669
2.1252e-05
0.00072688
0.0013357
0.00041091
2.9172e-05
0.00021727
0.0013072
0.0003137
8.4286e-05
8.8057e-05
3.712e-05
8.6402e-05
8.2365e-05
0.0002449
0.00023498
0.00012413
6.059e-05
3.812e-05
0.00045827
0.00015705
3.5166e-05
0
0
0
5.4366e-05
0.00026612
0.0018818
0.00075309
0.00014362
0.00022859
0.0023985
0.00044315
6.8122e-05
0.00064138
0.0024254
0.00048892
0.00012888
0.00046898
0.0036294
0.0012575
0.00012229
0.0009921
0.0019889
0.00051425
0.0002273
0.00075142
0.0036796
0.00057341
0.0001067
0.00057502
0.0027818
0.00030379
0.00019925
0.00081473
0.0023974
0.00061438
0.00035511
0.00066963
0.0019043
0.00096457
0.00018638
0.00040191
0.0012374
0.00057285
0.00018514
0.00036253
0.00047749
0.00029213
0.00015657
0.00038106
0.0002987
0.00033532
0.00018974
0.00032052
0.00026502
0.00015045
0.00024608
0.00037254
0.0001403
0.00011925
0
0
0
0
0
0
0
0
0
0
0
7.5565e-05
0
9.9066e-06
0
0
3.8212e-05
4.0954e-05
0.00073014
0.00069658
8.1327e-05
3.7767e-05
0.00035186
0.00027165
7.9939e-05
3.377e-05
0.00034954
0.0005749
0.00039282
0.00013806
0.00049579
0.00032059
0.00011542
0.00023109
0.00025177
0.0004029
0.00033425
0.00028374
0.00070149
0.00022229
3.9944e-05
0.00011552
0.00025908
0.00049808
0.00024602
0.00010364
0.00018091
7.1751e-05
1.6096e-05
1.2748e-05
0.00012102
0.00037931
0.00015818
9.46e-05
4.4653e-05
2.4483e-05
4.1178e-05
5.0205e-05
7.9339e-05
9.7555e-05
0.00016515
0.00037218
0
5.4028e-05
