0.026903
0.029618
0.0396
0.031264
0.025299
0.030839
0.03495
0.031527
0.0090114
0.0077904
0.0082681
0.0096469
0.0092637
0.0087382
0.0087029
0.0089255
0.0017973
0.0032429
0.0045089
0.0034373
0.002444
0.0024133
0.0026201
0.0028272
0.011669
0.012722
0.010999
0.0078328
0.0096388
0.013781
0.010701
0.0083617
0.0044249
0.0058631
0.015825
0.010347
0.0039521
0.005907
0.012926
0.011412
0
0
0
0
0
0
0
0
0.0013751
0.0011551
0.0025728
0.0024977
0.0020235
0.0010813
0.002645
0.0019654
0.00017262
0.0012512
0.00073348
0.0011903
0.0011254
0.00035201
0.0003632
0.00025495
0
0
0
0
0
0
0
0
0.0014721
0.00049121
0.00084314
0.0012276
0.0018562
0.0018118
0.00092611
0.0017873
0.0060977
0.0061442
0.004717
0.005795
0.0053706
0.0055483
0.0047121
0.0051539
0.0011063
0.0015437
0.0034647
0.0023498
0.0011495
0.001732
0.0026767
0.0025911
0.00058496
0.00044793
0.00044576
2.3772e-05
0.00018255
0.00062609
0
0
0.0027181
0.0013918
0.0012156
0.0013925
0.0022228
0.0024847
0.0018372
0.0017768
0.0052342
0.0073076
0.0060748
0.0050652
0.0051067
0.0067493
0.0059459
0.004924
0.002981
0.0035485
0.010749
0.0066931
0.0031358
0.0038468
0.0087398
0.0074247
7.0782e-05
0.00014042
0.00049749
0.00027019
4.8082e-05
2.8883e-06
2.2016e-05
0.00034154
0.00042616
0.00015977
0
0
0.00013215
0.0003297
3.9647e-05
0
0.003291
0.003678
0.0030789
0.0012589
0.0020902
0.0040455
0.0025143
0.0015422
0.0013255
0.0023429
0.0050293
0.0034995
0.00085509
0.0022289
0.0044435
0.0037145
4.7607e-05
1.5806e-05
0.0001779
0
0
0
8.4825e-05
5.0292e-05
0
0
0
0
0
0
0
0
0
0
0
0
0
0
0
0
0
0
0
0.00015058
5.0062e-05
0
9.3767e-05
0
0
0
3.9319e-05
0.00029615
6.6041e-05
0
3.7989e-05
0
0
0
0
0
0
0
0
0
0
0
0
0
0
0
0
0
0
0
0
0
0
0
0
0
0
0
0
0
0
0
0
0
0
0
0
0
0
0
0
0
0
0
0
0
0
0
0
0
0.0005862
0.00043634
0.00094353
0.0009213
0.0010365
0.00048876
0.0010762
0.00064774
0.0007889
0.00060345
0.00159
0.0011297
0.00082292
0.00054491
0.0013816
0.0012621
3.4494e-05
7.9114e-05
0.00043371
0.00076015
0.00093354
0.00030035
0.00032617
0.00023805
0.00013812
0.0011441
0.00029977
0.00043012
0.00019187
5.1656e-05
3.7028e-05
1.6897e-05
0
0
0
0
0
0
0
0
0
0
0
0
0
0
0
0
0
0
0
0
0
0
0
0
0.00023615
6.0087e-05
0.00014467
0.0001118
0.00073791
0.00044858
0.00032723
0.00055799
0.0010908
0.0014068
0.0013241
0.0018937
0.00088723
0.00058674
0.0014722
0.0017316
0.00086021
0.0010747
0.001153
0.00085318
0.00091101
0.0011015
0.00098724
0.0010649
7.8516e-05
0
0
2.4144e-05
8.2515e-05
0.00031407
0.00065345
0.00027998
4.0207e-05
0.00053103
0.00071363
0.00016713
0
0
7.6322e-06
0
0
0
0
0
0
0
0
0
0
0
0
0
0
0
0
0
0
0
0
0
0
0
0
0
0.0012168
0.00043113
0.00065838
0.0011158
0.0010165
0.001348
0.00059888
0.0011892
0.0024661
0.0023019
0.00059966
0.0012524
0.0017861
0.0020797
0.00085256
0.0010367
0.0013496
0.0013524
0.0012988
0.0016409
0.0016237
0.0016151
0.001424
0.0011898
0.00058633
0.00077147
0.0018108
0.0013952
0.0007486
0.00077396
0.0015556
0.0018461
0.00032451
0.00026922
0.00072312
0.00061585
0.00021515
0.00051983
0.00023483
0.00033728
0.00058496
0.00044793
0.00044576
2.3772e-05
0.00018255
0.00062609
0
0
0
0
0
0
0
0
0
0
0
0
0
0
0
0
0
0
0.0013062
0.00084871
0.00083731
0.0010202
0.001274
0.0010673
0.00091689
0.0010184
0.0016255
0.0018107
0.0016569
0.0010595
0.0015974
0.0020554
0.0014687
0.0009964
0.0011814
0.0022124
0.0017763
0.0010943
0.0012923
0.0012627
0.00188
0.0013495
0.00078269
0.00089763
0.0027707
0.0015141
0.00086958
0.001302
0.0029413
0.0022604
0.00059097
0.00038744
0.001939
0.0012942
0.00047362
0.0006091
0.0014595
0.0013896
0
0
0
0
0
0
0
0
0
0
0
0
0
0
0
0
0
0
0
0
0
0
0
0
0.0013058
0.00054311
0.00041841
0.00037238
0.00097678
0.0013869
0.00092033
0.00073569
0.0017988
0.0019054
0.0012968
0.0012531
0.0013671
0.0016882
0.00083538
0.0011799
0.00081638
0.0012649
0.0014701
0.0015855
0.00095083
0.0017876
0.0015256
0.001418
0.00072366
0.0011267
0.0030687
0.0013225
0.0010122
0.0011371
0.0024006
0.0012003
0.00085626
0.0009883
0.0026839
0.0025461
0.00084911
0.00072321
0.0017265
0.0024185
2.5295e-05
0.00014042
0.00043558
0.00025409
4.8082e-05
2.8883e-06
2.2016e-05
0.00031561
0
0
0
0
0
0
0
0
0
0
0
0
0
0
0
0
0.0005515
0.00015977
0
0
0.00020592
0.0003755
3.9647e-05
6.273e-05
0.0020536
0.0016178
0.00084446
0.00035477
0.00073173
0.0022054
0.0008886
0.00042806
0.0011829
0.0021265
0.0023608
0.0011318
0.0014531
0.0020085
0.0015831
0.00095813
0.00044877
0.0010461
0.0026607
0.0014404
0.00065745
0.0014427
0.0026298
0.0014987
0.00068001
0.001231
0.0024496
0.0022085
0.00022457
0.00084826
0.001836
0.0018109
9.3095e-05
1.5806e-05
0.00023981
1.6099e-05
0
0
8.4825e-05
7.6217e-05
0
0
0
0
0
0
0
0
0
0
0
0
0
0
0
0
0
0
0
0
0
0
0
0
0
0
0
0
0
0
0
0
0.00019743
0.00017135
8.9942e-05
0
1.5003e-05
0
0.00031034
0.00032278
0.00027306
0.00012024
0.00030326
0
0
8.5102e-05
0.00032677
0.00056683
2.7817e-05
9.3967e-05
0.00011951
1.4236e-05
7.6698e-06
5.2309e-05
8.7975e-05
0.00012175
0
0
0
0
0
0
0
0
0
0
0
0
0
0
0
0
