0.025381
0.031156
0.036401
0.034117
0.024134
0.028523
0.037923
0.033842
0.0088904
0.010366
0.0082252
0.006803
0.0067907
0.0080626
0.0082451
0.0072875
0.006166
0.0073011
0.0069242
0.0061444
0.0055009
0.0072675
0.0087058
0.0064048
0.0052016
0.0076956
0.012104
0.011429
0.0055638
0.0056928
0.010408
0.010634
0.0051229
0.0057932
0.0091472
0.0097404
0.0062788
0.0075001
0.010565
0.0095162
0
0
0
0
0
0
0
0
0.0029739
0.0032124
0.0017549
0.0010012
0.0020783
0.002192
0.0015346
0.0023033
0.0021666
0.0020844
0.0015353
0.0011488
0.0018101
0.0030232
0.0032395
0.0013331
0.00043755
0.0014212
0.0013903
0.00083417
0.00036164
3.5145e-06
2.292e-05
0.00045231
0.0013755
0.0021822
0.0012041
0.00073796
0.00062428
0.00075918
0.00075888
0.00052273
0.0044211
0.0047393
0.0050055
0.0049006
0.0039738
0.0049487
0.0056311
0.0042798
0.0027677
0.0028333
0.0030721
0.0031539
0.0025995
0.0029631
0.0046631
0.0037009
0.00039032
0.00095166
0.00075029
0.00026384
0.00049475
0.0009732
0.0005701
0.00041112
0.00058183
0.001798
0.002293
0.0012008
0.0003349
0.00060647
0.0012026
0.00031295
0.0034778
0.0041234
0.0065784
0.0068432
0.0036531
0.0036513
0.0074858
0.00759
0.0031304
0.0034817
0.0052064
0.0054341
0.0033966
0.0040919
0.0058999
0.0054939
7.3561e-05
0
0
0
0.00017415
0.00049089
0.00065081
5.8093e-05
0
0
0
0
0
0
0
0
0.001142
0.0018115
0.0032498
0.0033451
0.0014917
0.0013518
0.0018244
0.0026035
0.0017903
0.0021489
0.0037079
0.0041323
0.0023888
0.0027205
0.0037538
0.0037198
0.00017838
0.00034774
0.00031692
0.00030961
0.00048518
0.00035224
0.00060915
0.00048692
0
0
0
0
0
0
0
0
0
0
0
0
0
0
0
0
0.00014769
0.00022786
5.7338e-05
1.4061e-05
0
0
0
4.2639e-05
0.00064378
0.00019614
0.00031233
0.00031029
0.00040096
0.00022093
0.00037047
0.00085994
0.0012734
0.0012684
0.0005049
0.00026185
0.00075845
0.00081286
0.00023929
0.00048751
0.00029756
0.00016423
6.1877e-05
0.00019672
0.00022408
0.00037449
0.0012646
0.00014923
0
0
0
0
0
0
0
0
8.636e-05
0.00075765
0.00046343
0.0004458
0.00021721
0
1.1334e-05
0.0001659
0
0
0
0
0
0
0
0
0
0
0
0
0
0
0
0
0.0010316
0.0019468
0.00062463
0.00031246
0.00067011
0.0010011
0.00048769
0.00042439
0.0011508
0.00084164
0.00076065
0.00036435
0.0010072
0.00096996
0.00067648
0.0009763
0.00035841
0.00052266
0.00079485
0.00059426
0.00073628
0.00083316
0.0008442
0.00051536
0.00023731
0.00012904
0.00017366
9.5937e-05
9.1326e-05
0.0010027
0.00089144
0.00018096
0
0
0
0
0
0
0
0
0.00035119
0.00066356
0.00092686
0.00038838
0.00014444
3.5145e-06
1.1587e-05
0.0002864
0
0
0
0
0
0
0
0
0.00042312
0.0012444
0.00031161
0.00013685
0.00015765
0.00021531
0.00025585
3.1134e-05
0.0014379
0.0012671
0.00077936
0.0010895
0.0012375
0.0017403
0.0010926
0.00087218
0.00098677
0.0013859
0.0014021
0.00094997
0.00067863
0.0011486
0.0011866
0.00097603
0.00071568
0.00038622
0.00080216
0.00088796
0.00050534
0.00061109
0.00057488
0.00065313
0.00043754
0.00076626
0.00096932
0.00039353
0.0004056
0.00030958
0.0013455
0.0004122
0.00021782
0.00042285
0.00023879
9.9491e-05
0.00011314
0.00081226
0.0005701
0.0003339
0.0001725
0.00052881
0.0005115
0.00016435
0.00020726
0
0
7.7217e-05
0
0
0
0
0
0
0
0
0.00095238
0.00093783
0.00089246
0.00060111
0.00046663
0.00054387
0.00050303
0.0004916
0.0010329
0.00073567
0.0013635
0.0011537
0.0010324
0.0013053
0.0015884
0.0010718
0.00096356
0.0013505
0.0014606
0.0017075
0.0010253
0.00075449
0.0017635
0.0013598
0.0011712
0.0010044
0.00082508
0.0013022
0.0010764
0.0011574
0.0014937
0.0014643
0.00044332
0.0006764
0.00047552
0.00057027
0.00061215
0.00088503
0.0012491
0.0011713
0
0
0
0
0.00017436
0.00016094
0
0
0
0
0
0
0
0
0
0
0
0
0
0
0
0
0
0
0.00039904
0.0011875
0.0014163
0.00058247
0.00025488
0.00055437
0.00095709
0.00025947
0.00065655
0.00070861
0.0022945
0.0014778
0.0009041
0.0011845
0.0020905
0.0018931
0.00081331
0.0015741
0.0012985
0.002469
0.00062646
0.00097834
0.0019899
0.001893
0.0011362
0.0010491
0.001548
0.0014165
0.00074603
0.0011304
0.001707
0.001673
0.00053728
0.00076101
0.00069954
0.0009233
0.00068949
0.0011161
0.0015166
0.00087806
7.3561e-05
0
0
0
0
0.00021586
0.00047727
4.6975e-05
0
0
0
0
0
0
0
0
0
0
0
0
0
0
0
0
0.00018279
0.00061045
0.00087667
0.00061832
8.0014e-05
5.2103e-05
0.00024553
5.3476e-05
0.0011242
0.00077657
0.0012752
0.0012267
0.0011028
0.00078109
0.0015118
0.001973
0.00088368
0.0010642
0.0017103
0.0016697
0.0010197
0.00070739
0.0018936
0.0018309
0.00087581
0.0011518
0.0020823
0.002059
0.00084961
0.00072207
0.0014213
0.0022393
0.00058113
0.00051976
0.00087657
0.0010353
0.0011115
0.0011234
0.001255
0.00070349
0
0
0
0
0.00017415
0.00027503
0.00017354
1.1118e-05
0
0
0
0
0
0
0
0
0
0
0
0
0
0
0
0
0
0
0
0
0
0
0
0
0.00035124
0.00060318
0.0013352
0.0010726
0.00039509
0.00032165
0.00065821
0.00038707
0.00079081
0.0011132
0.0014521
0.0017507
0.0010034
0.0008184
0.0011662
0.0021975
0.0011157
0.00099945
0.0015275
0.001387
0.00087316
0.00087298
0.0015419
0.0019884
0.00033558
0.00055453
0.00095801
0.00059901
0.00041029
0.00089543
0.0012837
0.0010763
0
0
0
0
0
0
0
0
0
0
0
0
0
0
0
0
0
0
0
0
0
0
0
0
0
0
0
0
0
0
0
0
0
0
0
0
0
0
0
0
0
9.5092e-05
0.00046251
0.0005217
9.3254e-05
0.00021177
0
1.9006e-05
7.2552e-05
0.00035419
0.00046382
0.0011135
0.00051929
0.00042287
0.00043502
0.00038021
0.00026639
0.00024069
0.0007586
0.0010329
0.00058608
0.00052918
0.00049319
0.00027492
0.00017838
0.00034774
0.00031692
0.00030961
0.00048518
0.00035224
0.00060915
0.00048692
0
0
0
0
0
0
0
0
