0.018304
0.027881
0.044113
0.030214
0.020809
0.03243
0.046301
0.031272
0.0055648
0.0046175
0.0035341
0.0036365
0.006014
0.0042954
0.0028785
0.0040298
0.0016041
0.003948
0.0036345
0.0026452
0.0016364
0.0057827
0.006663
0.0027084
0.0076621
0.013512
0.016759
0.0085061
0.0081994
0.014253
0.015262
0.007751
0.0034735
0.0058035
0.020185
0.015426
0.0049596
0.008099
0.021497
0.016783
0.00063862
0.00037183
0.00048457
0.0005151
0.0010709
0.00035383
0.00031018
0.00068881
0.0010767
0.00065389
0.00029798
0.00030704
0.0011529
0.00052828
0.00040435
0.00062539
0.00046714
0.00094426
0.00046915
0.00026041
0.00015419
0.00062102
0.0011975
0.00043965
0.00020084
0.0010162
0.00060262
9.6197e-05
0.00015326
0.002215
0.00075302
0.00025672
0.0029752
0.0022585
0.0020016
0.0021605
0.0025802
0.0021816
0.0013433
0.0018227
0.00087423
0.0013333
0.00074997
0.00065386
0.0012099
0.0012317
0.00082063
0.00089288
0.00036718
0.0008654
0.0016922
0.0017491
0.00073795
0.00050871
0.0019672
0.001431
0.00056891
0.0011221
0.00087048
0.00053954
0.00059103
0.002438
0.0027454
0.00058101
0.0030679
0.0044219
0.0025502
0.0024108
0.0030162
0.0041636
0.0017748
0.0014968
0.001452
0.0032318
0.0052094
0.0024803
0.0018389
0.0032312
0.0054648
0.0034282
0.00078127
0.0011239
0.0057088
0.0038112
0.00082904
0.0015955
0.0058945
0.0035552
0.00086013
0.00040436
0.0030909
0.0027588
0.0007673
0.0020331
0.0033869
0.0019932
0.0014643
0.0019311
0.0017587
0.0011049
0.0011543
0.0022597
0.0016318
0.00052086
0.0016779
0.0039268
0.0072411
0.0025101
0.00219
0.0045982
0.006391
0.0023051
0.0010788
0.0027838
0.0069178
0.0049364
0.0021804
0.0026259
0.0076652
0.0055872
0.00075339
0.0014915
0.0044679
0.0039199
0.0011829
0.0018446
0.0045509
0.0056478
0
0
0
0
0
0
0
0
0
0
0
0
0
0
0
0
0
0
0
0
3.4747e-05
2.2363e-05
0
0
0.00033102
0.00015581
4.5514e-05
3.9642e-05
0.00045098
0.00013344
2.7485e-05
6.1138e-05
0.0002457
0.00023661
0.00018549
8.535e-05
5.1705e-05
0.0001492
0.00039826
0.0001382
0
0
0
0
5.8269e-06
0.00024391
0.00041359
0
0
0.00072266
1.8111e-05
0
0
0.0009851
2.7472e-05
0
2.0258e-05
7.7292e-05
0.00030951
2.3797e-05
2.4025e-05
6.9234e-05
0.00010214
3.2885e-05
0.00015541
1.9245e-05
0.00011124
5.4976e-05
0.0002265
0.00013957
0.00012364
4.0967e-05
0.00043357
0.00032689
0.00037332
0.00040718
0.00081054
0.00021427
0.00011786
0.00061621
0.00043881
0.00011873
5.1948e-06
4.9924e-05
0.00040873
0.00013012
9.1225e-05
0.00018151
0.00027648
0.00025328
0.00014869
0.0001857
0.00021388
0.00022355
0.00031474
0.00037365
0.00011025
0.00020982
0.00020272
4.1514e-05
3.5384e-05
5.2996e-05
1.2762e-05
5.5164e-05
0.00015156
0.0004695
0.00017017
0.00014462
7.292e-05
0.0001662
0.00035333
0.00023939
0.00013124
0.00022178
8.9686e-05
0
5.5963e-05
0.00098718
0.00051256
6.314e-05
4.934e-05
0.00010061
0.00018531
5.835e-05
3.9855e-05
0.00019133
7.0689e-05
8.5621e-05
0.00016901
0.00031197
6.9852e-05
0.00023997
0.00032067
0.00034662
0.00035363
0.00028111
0.00098732
0.00068169
0.00058977
0.00053112
0.00087026
0.00053742
0.00015943
0.00044625
0.00012068
0.00012327
7.8203e-05
0.00021941
0.0004734
0.00018284
4.8338e-05
0.00010674
0.00032691
0.00014556
0.00016885
0.00026437
0.00025832
0.0001999
0.00013047
0.00027068
0.00014906
0.00044955
0.00025666
0.00014536
0.00043694
0.00016353
0.00013633
0.00025102
0
0
0
0
0
0
0
0
0.00013341
0.00012077
0.00020015
0.00013479
0
0.00041101
0.00090692
6.0116e-05
1.6408e-05
0.00011211
0.00022928
0.00011192
0.00010431
0.00021014
0.00016053
0.00013382
0.00076279
0.00025366
0.00072352
0.00072399
0.00049429
0.00047006
0.00021782
0.00057118
0.00086295
0.00083732
0.00061847
0.00066641
0.00087005
0.00077368
0.00056123
0.00047395
0.00040708
0.00045457
0.0002392
0.00014213
0.00039778
0.00050515
0.00038948
0.00030174
6.6026e-05
0.00054969
0.00017858
7.9802e-05
0.00010816
0.00023212
0.00012417
0.00010029
0.00015831
0.00027544
0.00084785
0.00034838
0.00013593
0.00027077
0.0012164
0.00042572
7.3518e-05
0.00010898
0.00044429
0.0010677
0.00018943
0.00012511
0.00045166
0.00080281
3.5893e-05
0.00022132
0.00016423
0.00039754
8.8735e-05
0.00060243
0.00045995
8.8188e-05
0.00032656
0.00065821
0.00019023
3.6797e-05
0.00028489
0.0010911
0.0012129
0.00029888
0.00075059
0.0007173
0.00066825
0.0002538
0.00067741
0.00068998
0.0002512
0.00052367
0.00098602
0.0013254
0.00053548
0.00070798
0.00089564
0.0014015
0.0001992
0.00046591
0.00049116
0.00071848
0.00086506
0.00060057
0.00047685
0.0011155
0.0011162
0.00076164
0.0001202
0.00063963
0.0008874
0.00035112
0.00025934
0.00037654
0.0012922
0.00054473
7.7653e-05
0.00032671
0.0017311
0.00032445
9.8511e-05
0.00051117
0.0013231
0.00015098
6.189e-05
0.00013223
0.0011307
0.0010184
9.0923e-05
0.00017727
0.0018891
0.00084942
8.3262e-05
0.00014482
0.00077991
0.0010471
0.0001251
5.2949e-05
0.0002851
0.00061335
0.00054066
3.7599e-05
0.00042653
0.00012089
0.0002343
0.00050314
0.00026995
0.00030979
0.00046782
0.00063474
0.00047496
0.00025168
0.00054238
0.00085172
0.00045677
0.0001592
0.00095787
0.0015899
0.00065981
0.0010612
0.0008715
0.0008037
0.00081328
0.00030567
0.00052225
0.0011096
0.0012226
0.0005262
0.0006155
0.0010629
0.0012499
0.00071282
0.00027168
0.00067617
0.0018511
0.0010285
0.0002545
0.00088905
0.0016978
0.0013276
0.00026015
0.00043846
0.0013176
0.00089684
0.00051515
0.00067873
0.0010942
0.0016569
0.00017929
0.00024654
0.0014462
0.0011532
0.00026516
0.00018441
0.0013351
0.00065832
0.00029103
0.00026459
0.0013127
0.0013461
0.00024856
0.00015072
0.0012152
0.0010006
2.4278e-05
6.5827e-06
0.00051897
0.00032951
0.0001683
0.00090835
0.0010595
5.7012e-05
0.00021815
0.00019822
0.00035775
0.00013348
3.4041e-05
0.00030169
0.00029196
0.00012757
0.00092329
0.0014467
0.001066
0.0005712
0.00086548
0.0015898
0.00072653
0.0002099
0.00065531
0.0014726
0.0013101
0.00072128
0.00086734
0.0017286
0.0012685
0.00052275
0.00057311
0.00089384
0.0030519
0.00065334
0.0005311
0.0011181
0.0025673
0.00093762
0.00035691
0.00084219
0.0014235
0.001561
0.00032835
0.00089239
0.0025433
0.0010526
0.0003019
0.00039814
0.0014284
0.00095975
0.00057435
0.00038213
0.0019256
0.0019336
0.00029339
0.00042851
0.0011967
0.0010884
0.00028375
0.00035865
0.00098309
0.0017582
0.00013191
0.00038049
0.0013922
0.00078426
0.00023773
0.00042369
0.0017441
0.00091347
0
1.9162e-05
6.8137e-05
8.6251e-06
0
5.2208e-05
5.9612e-05
2.0258e-05
0.00028844
0.0004579
0.00031936
0.00041278
0.00020852
0.00048142
0.00053661
0.0002506
0.00027785
0.00082974
0.0011292
0.0003286
0.00048106
0.00096485
0.0010645
0.00033258
0.0002032
0.00078399
0.0016143
0.0006314
0.00041924
0.0007633
0.0015521
0.00045234
0.00022307
0.00084523
0.0022078
0.00074751
0.00052605
0.00072265
0.0017179
0.00089446
0.00023411
0.00066585
0.0016644
0.0015775
0.00064116
0.00065836
0.0013785
0.0015231
0.00020247
0.00013296
0.0014567
0.0018782
0.00031351
0.0002661
0.0013193
0.0019658
0.00019621
0.00049276
0.00071691
0.00043512
0.00034386
0.00068324
0.0008725
0.00089812
