0.035449
0.048614
0.02477
0.015453
0.033121
0.049303
0.027401
0.016124
0.018837
0.013714
0.0044591
0.0052908
0.01586
0.011068
0.0032849
0.0065584
0.0082376
0.0044684
0.0025374
0.0020035
0.0054226
0.0093466
0.0048248
0.0034635
0.0064279
0.024057
0.0091029
0.0039957
0.0075712
0.020134
0.0074413
0.0027073
0.0019466
0.006375
0.0086704
0.0041627
0.0042673
0.0087542
0.01185
0.0033945
0
0
0
0
0.00044968
0.00044108
0
0
0.0078548
0.0018711
0.0012288
0.0031943
0.0056007
0.0010522
0.00068561
0.0047504
0.0029408
0.0010532
0.00093951
0.0010211
0.0013986
0.0012515
0.00075534
0.0017492
0.0014006
0.00065404
0.00055048
0.00052065
0.00065708
0.0029863
0.0013339
0.00078985
0.0027628
0.0025793
0.00086674
0.00050458
0.0021318
0.00072069
0.00030415
0.00031905
0.0082198
0.0092635
0.0023635
0.0015919
0.0076773
0.0088541
0.0022951
0.0014889
0.002211
0.0017141
0.00088633
0.0004276
0.0014329
0.0034373
0.0019142
0.00071221
0.0016852
0.001047
0.00016103
3.4111e-05
0.001934
0.0016714
0.00082131
0.00021222
0.0016421
0.0041504
0.0011398
0.00068329
0.0017646
0.0020133
0.00041346
0.00025133
0.0037101
0.01442
0.0046058
0.0016169
0.0038686
0.013926
0.004905
0.001345
0.00068981
0.002851
0.0050387
0.00099833
0.0011368
0.0032163
0.0066792
0.00071445
0.00019833
0.00013215
2.8217e-05
0.00010283
0.0011433
0.001085
0.0005114
5.3039e-05
2.2722e-05
5.0385e-05
0.00015511
2.4052e-05
5.6682e-05
6.1967e-05
0.00036034
0.00033651
0.0010529
0.0054359
0.0032022
0.0016715
0.0018813
0.0041331
0.0017625
0.00077446
0.00062311
0.0031017
0.0035752
0.0030615
0.0019302
0.0041203
0.0043349
0.0024184
0.0004353
0.00029021
2.8312e-05
0
5.6981e-05
0.00033251
0.00032442
0.00020864
0
0
0
0
0.00044968
0.00044108
0
0
0
0
0
0
0
0
0
0
0.00078421
0.00017301
0
0.00041184
0.00039874
0
0
7.1017e-05
0.001449
0.00028754
0.00042089
0.00081971
0.00021382
0.00016878
0.00030106
0.0020772
9.1517e-05
1.983e-05
0
6.5663e-05
8.4374e-05
0.00017712
0.0001998
0.000753
0.001028
0.00013291
0.00012943
8.8999e-05
0
0
0
0.00039034
0.0011337
0.00013697
7.544e-05
7.674e-05
6.2837e-05
0.00065689
0.00067499
0.00070523
0
0
0.00020146
0.00034734
2.0198e-05
0
0
0
0
0
0
0
0
0
0
0
0
0
0
0
0
0
0
0
0.0031919
0.0010145
0.00055685
0.0009139
0.0018209
0.00013372
0.00010131
0.00082756
0.0022605
0.00021503
0.00021592
0.00087742
0.0027278
0.00059535
0.00022278
0.0015845
0.0011458
0.00038766
0.00037768
0.00048389
0.0010301
0.00062995
0.000229
0.00057008
0.00055811
0.00046924
0.00040862
0.0004513
0.00040468
0.00051876
0.00034061
0.00018404
0.00044486
0.0005345
8.7789e-05
8.9451e-05
0.00060483
0.0021326
0.00039928
0.00012653
0
0
0
0
0
7.8003e-05
0.00025968
0
0
0
0
0
0
0
0
0
0.00067659
0.00052829
8.6889e-05
0.00017061
0.00030839
5.8475e-05
6.7148e-05
9.6585e-05
0.003762
0.0023592
0.00049201
0.00056445
0.0035666
0.0018711
0.0003538
0.00053126
0.0010426
0.00080881
0.00046473
0.00025166
0.00082176
0.00074573
0.0003037
0.00032662
0.00083251
0.00022144
0.00020585
0.00014082
0.00066313
0.0011323
0.00038834
0.0003351
0.00045212
0.00047338
0.00023657
0.00018641
0.00047707
0.00042057
9.8174e-05
9.37e-05
0.00047029
0.00026141
5.5968e-05
1.5924e-05
0.001613
0.00075612
0.00017273
0.00012898
0
0
0
0
0
7.091e-05
0
0
0
0
0
0
0
0
0
0
0.0017426
0.0016797
0.00066725
0.00028256
0.0014137
0.00038712
9.9953e-05
0.00022247
0.0027708
0.003254
0.00073051
0.0004306
0.0026071
0.0031838
0.00051522
0.00044071
0.00080192
0.0028161
0.00066418
0.00031197
0.0010599
0.0027049
0.00090593
0.00011904
0.0005262
0.00088048
0.00043074
0.00014596
0.00016754
0.001705
0.0013036
0.00021025
0.00028641
0
0
0
0.0001292
0.00026335
0.00027622
0.00012129
0.0014105
0.0008784
0.00012772
1.8187e-05
0.00020304
0.00010607
7.3422e-05
1.1361e-05
7.6086e-05
0
0
0
0.00013841
0.00090415
0.00058733
7.1881e-05
0
0
0
0
0
0
0
0
0.00088491
0.0018208
0.000719
0.00029964
0.0011681
0.0012444
0.00034968
0.00014469
0.0015232
0.0041151
0.00055147
0.00030864
0.0014232
0.0039915
0.00074816
0.00029187
0.00025195
0.0038104
0.0015315
0.00036336
0.00088161
0.0024213
0.0015112
0.00020074
0.00024005
0.00079879
0.001924
0.00047328
0.00027707
0.0012233
0.0026473
0.00028765
0.00013223
0.0001913
0.00015076
9.5107e-05
2.0898e-05
0.00017607
0.00023974
9.942e-05
0.00026012
0.00039637
4.771e-05
0.00011397
0.00080108
0.0010802
0.0005114
5.3039e-05
0
0
0
0
0
0
0
0
0
0
0
0
0
0
0
0
0.00067535
0.0018114
0.00038985
0.00037453
0.00076947
0.00053507
0.00011963
3.0309e-05
0.0012964
0.0032704
0.001302
0.00060449
0.00080304
0.0041021
0.00095055
0.00043902
0.00075536
0.0033789
0.0011346
0.00037204
0.00067049
0.002973
0.001343
0.0003378
0.00019284
0.0017183
0.002525
0.0004188
0.00032718
0.0018688
0.0031479
0.00027644
8.9967e-05
0
0.00013011
0
0.00017622
0.00051344
0.00061629
7.4077e-05
0
0
0
0
0.00063602
6.7879e-05
0
0
0
0
0
0
0
0
0
0
0
0
0
0
0
0
0
0
0
0.00023785
0.00015511
8.0857e-05
0
0
0
4.2577e-05
0.000388
0.0024091
0.0017986
0.00061445
0.00057962
0.0020101
0.00057183
0.00032271
0.000482
0.0025851
0.00073372
0.00050648
0.00080805
0.0019479
0.0012809
0.00047921
0.00031346
0.0020974
0.0020257
0.00054127
0.00044532
0.0022377
0.0026153
0.00043788
3.0519e-05
0.00033755
0.00037092
0.00035845
0.00030786
0.00082525
0.0012988
0.00031505
0
0
0
0
0
0
0
0
0
0
0
0
0
0
0
0
0
0
0
0
0
1.9241e-05
0.00032915
0.00017887
0
0
0
0
0
0
0
0
0
0
7.8399e-05
5.0493e-05
0
0
0
0
0.00020519
0.00055813
0.00056452
0.00048773
0.00060372
0.00058955
7.9706e-05
6.157e-05
0.00025519
0.0011053
0.0012291
0.00062948
0.0010582
0.00098712
0.000489
0.00020494
7.6476e-05
0.0001228
0.00052836
0.0014617
0.00026049
0.0003146
0.00032178
0.0013104
0
0
0
0.00010415
0.00011623
0.00033251
0.00032442
0.0003591
0.00017536
0.00016173
0
0
0
0
0
0
